"GEOID","gwd.barley.2015","gwd.corn.2015","gwd.cotton.2015","gwd.millet.2015","gwd.oats.2015","gwd.other_sctg2.2015","gwd.other_sctg3.2015","gwd.other_sctg4.2015","gwd.peanuts.2015","gwd.potatoes.2015","gwd.pulses.2015","gwd.rapeseed.2015","gwd.rice.2015","gwd.rye.2015","gwd.sorghum.2015","gwd.soybeans.2015","gwd.sugarbeets.2015","gwd.sunflower.2015","gwd.sweetpotatoes.2015","gwd.wheat.2015"
1001,0,0,0,0,0,0,0,0,0,0,0,0,0,0,0,0,0,0,0,0
1003,0,0,0,0,0,0,0,0,0,0,0,0,0,0,0,0,0,0,0,0
1005,0,0,0,0,0,0,0,0,0,0,0,0,0,0,0,0,0,0,0,0
1007,0,0,0,0,0,0,0,0,0,0,0,0,0,0,0,0,0,0,0,0
1009,0,0,0,0,0,0,0,0,0,0,0,0,0,0,0,0,0,0,0,0
1011,0,0,0,0,0,0,0,0,0,0,0,0,0,0,0,0,0,0,0,0
1013,0,0,0,0,0,0,0,0,0,0,0,0,0,0,0,0,0,0,0,0
1015,0,0,0,0,0,0,0,0,0,0,0,0,0,0,0,0,0,0,0,0
1017,0,0,0,0,0,0,0,0,0,0,0,0,0,0,0,0,0,0,0,0
1019,0,0,0,0,0,0,0,0,0,0,0,0,0,0,0,0,0,0,0,0
1021,0,0,0,0,0,0,0,0,0,0,0,0,0,0,0,0,0,0,0,0
1023,0,0,0,0,0,0,0,0,0,0,0,0,0,0,0,0,0,0,0,0
1025,0,0,0,0,0,0,0,0,0,0,0,0,0,0,0,0,0,0,0,0
1027,0,0,0,0,0,0,0,0,0,0,0,0,0,0,0,0,0,0,0,0
1029,0,0,0,0,0,0,0,0,0,0,0,0,0,0,0,0,0,0,0,0
1031,0,0,0,0,0,0,0,0,0,0,0,0,0,0,0,0,0,0,0,0
1033,0,0,0,0,0,0,0,0,0,0,0,0,0,0,0,0,0,0,0,0
1035,0,0,0,0,0,0,0,0,0,0,0,0,0,0,0,0,0,0,0,0
1037,0,0,0,0,0,0,0,0,0,0,0,0,0,0,0,0,0,0,0,0
1039,0,0,0,0,0,0,0,0,0,0,0,0,0,0,0,0,0,0,0,0
1041,0,0,0,0,0,0,0,0,0,0,0,0,0,0,0,0,0,0,0,0
1043,0,0,0,0,0,0,0,0,0,0,0,0,0,0,0,0,0,0,0,0
1045,0,0,0,0,0,0,0,0,0,0,0,0,0,0,0,0,0,0,0,0
1047,0,0,0,0,0,0,0,0,0,0,0,0,0,0,0,0,0,0,0,0
1049,0,0,0,0,0,0,0,0,0,0,0,0,0,0,0,0,0,0,0,0
1051,0,0,0,0,0,0,0,0,0,0,0,0,0,0,0,0,0,0,0,0
1053,0,0,0,0,0,0,0,0,0,0,0,0,0,0,0,0,0,0,0,0
1055,0,0,0,0,0,0,0,0,0,0,0,0,0,0,0,0,0,0,0,0
1057,0,0,0,0,0,0,0,0,0,0,0,0,0,0,0,0,0,0,0,0
1059,0,0,0,0,0,0,0,0,0,0,0,0,0,0,0,0,0,0,0,0
1061,0,0,0,0,0,0,0,0,0,0,0,0,0,0,0,0,0,0,0,0
1063,0,0,0,0,0,0,0,0,0,0,0,0,0,0,0,0,0,0,0,0
1065,0,0,0,0,0,0,0,0,0,0,0,0,0,0,0,0,0,0,0,0
1067,0,0,0,0,0,0,0,0,0,0,0,0,0,0,0,0,0,0,0,0
1069,0,0,0,0,0,0,0,0,0,0,0,0,0,0,0,0,0,0,0,0
1071,0,0,0,0,0,0,0,0,0,0,0,0,0,0,0,0,0,0,0,0
1073,0,0,0,0,0,0,0,0,0,0,0,0,0,0,0,0,0,0,0,0
1075,0,0,0,0,0,0,0,0,0,0,0,0,0,0,0,0,0,0,0,0
1077,0,0,0,0,0,0,0,0,0,0,0,0,0,0,0,0,0,0,0,0
1079,0,0,0,0,0,0,0,0,0,0,0,0,0,0,0,0,0,0,0,0
1081,0,0,0,0,0,0,0,0,0,0,0,0,0,0,0,0,0,0,0,0
1083,0,0,0,0,0,0,0,0,0,0,0,0,0,0,0,0,0,0,0,0
1085,0,0,0,0,0,0,0,0,0,0,0,0,0,0,0,0,0,0,0,0
1087,0,0,0,0,0,0,0,0,0,0,0,0,0,0,0,0,0,0,0,0
1089,0,0,0,0,0,0,0,0,0,0,0,0,0,0,0,0,0,0,0,0
1091,0,0,0,0,0,0,0,0,0,0,0,0,0,0,0,0,0,0,0,0
1093,0,0,0,0,0,0,0,0,0,0,0,0,0,0,0,0,0,0,0,0
1095,0,0,0,0,0,0,0,0,0,0,0,0,0,0,0,0,0,0,0,0
1097,0,0,0,0,0,0,0,0,0,0,0,0,0,0,0,0,0,0,0,0
1099,0,0,0,1.41980960298226e-09,0,1.432296189155e-09,0,0,0,0,0,0,0,3.2407982820518e-10,8.06775544347517e-10,0,0,0,0,0
1101,0,0,0,0,0,0,0,0,0,0,0,0,0,0,0,0,0,0,0,0
1103,0,0,0,0,0,0,0,0,0,0,0,0,0,0,0,0,0,0,0,0
1105,0,0,0,0,0,0,0,0,0,0,0,0,0,0,0,0,0,0,0,0
1107,0,0,0,0,0,0,0,0,0,0,0,0,0,0,0,0,0,0,0,0
1109,0,0,0,0,0,0,0,0,0,0,0,0,0,0,0,0,0,0,0,0
1111,0,0,0,0,0,0,0,0,0,0,0,0,0,0,0,0,0,0,0,0
1113,0,0,0,0,0,0,0,0,0,0,0,0,0,0,0,0,0,0,0,0
1115,0,0,0,0,0,0,0,0,0,0,0,0,0,0,0,0,0,0,0,0
1117,0,0,0,0,0,0,0,0,0,0,0,0,0,0,0,0,0,0,0,0
1119,0,0,0,0,0,0,0,0,0,0,0,0,0,0,0,0,0,0,0,0
1121,0,0,0,0,0,0,0,0,0,0,0,0,0,0,0,0,0,0,0,0
1123,0,0,0,0,0,0,0,0,0,0,0,0,0,0,0,0,0,0,0,0
1125,0,0,0,0,0,0,0,0,0,0,0,0,0,0,0,0,0,0,0,0
1127,0,0,0,0,0,0,0,0,0,0,0,0,0,0,0,0,0,0,0,0
1129,0,0,0,0,0,0,0,0,0,0,0,0,0,0,0,0,0,0,0,0
1131,0,0,0,0,0,0,0,0,0,0,0,0,0,0,0,0,0,0,0,0
1133,0,0,0,0,0,0,0,0,0,0,0,0,0,0,0,0,0,0,0,0
4001,0,0.000139072214196156,0,0,0,0,0,2.66662065593902e-05,0,0,0,0,0,0,0,0,0,0,0,6.2585482432505e-08
4003,0.00856184743237856,0.149163361274137,0.0143303788665816,0,0.00103985385826671,0.00416902279382579,0.0486457034087565,0.0556724417366663,0,1.95252345006958e-05,0.00493163527356611,0,0,0,0.00439439718620953,0,0,0,0,0.00770707867075122
4005,0,0,0,0,0,0,0,0,0,0,0,0,0,0,0,0,0,0,0,0
4007,0,5.79946003995423e-06,2.49473235040946e-05,0,0,0,2.08791960987732e-05,0.00143918078110274,0,0,0,0,0,0,0,0,0,0,0,0
4009,7.56523766585922e-05,0.00466787394860485,0.117486457645387,0,0.000203593763417313,8.57582804286969e-05,0.00246044727897282,0.00977525220055176,0,0,0.001077518532125,0,0,0,0.000101706958408247,0,0,0,0,0.0110345141705372
4011,0.000105108669537067,0.0017869771332856,0.00131806125620875,0,0.000234805223877404,1.01329895055303e-07,0.00012096110473479,0.00444175909524035,0,2.56739689032861e-06,0,0,0,0,0.000145374994795676,0,0,0,0,0.000106700606394258
4012,0,0,0.0104366508911152,0,0.000549810607414391,0,0.00252205604053008,0.0863124481673018,0,0,0.000254037430059916,0,0,2.23123788094262e-05,0,0,2.42809151428245e-07,0,0,0.0071118336266213
4013,0.0217110371639555,0.0489423512372009,0.0712699506379481,0,0.0100426001192994,0.00214398494509106,0.0419500807287688,0.868919921210869,0,0.0023675603280175,0.00285624258203605,0,0,0.000921579877885093,0.0175215461370459,0.00155474528823713,0.000343398655717982,0,0,0.158699853751814
4015,1.7914589003619e-05,0,0.0169161972068001,0,0,0,0.000299567694605501,0.0424936531848232,0,0,3.18844039502975e-06,0,0,0.00129929807559689,0,0,0,0,0,0.00476590846505298
4017,0,0,0,0,0,0,0,0,0,0,0,0,0,0,0,0,0,0,0,0
4019,1.7718168359351e-05,0.00154708610922238,0.0219222538849981,0,1.6089583336636e-07,3.29354228328774e-05,0.000141767547429638,0.0121407396409729,0,0,7.01214308180418e-08,0,0,0,0.000454843704720892,0,3.48329056060296e-06,0,0,0.0344668849487261
4021,0.0124234612809332,0.0503741859406038,0.099082156432999,0,0.00745303438752228,0.000411360084810785,0.0135380829874512,0.203198951924088,0,0.00398548762832949,0,0,0,9.40784095957035e-07,0.00193428429366291,0,0.000107298588246595,0,0,0.0953486083119376
4023,1.30040943005485e-06,3.47977007550101e-06,0.000244460299802624,0,0,0,0.000436914500776862,0.00621008471519604,0,0,0,0,0,0,0,0,0,0,0,2.58571236743126e-05
4025,9.89344083977726e-06,0.00213132550620978,3.78437346424658e-05,0,0,0,1.30304187492458e-05,0.00726204883870806,0,1.84568797714214e-08,4.7945985224326e-07,0,0,9.20487871864824e-05,0,4.45204854065314e-05,1.73747650621311e-07,0,0,0.00252578478498793
4027,0.000908900656913586,0.000705606845656351,0.00487045131874458,0,0.000730384383235291,1.20851068668995e-07,0.0564589848052316,0.0413416622231555,0,0,0.00011712036073089,0,0,2.53611703091399e-05,1.38405713167424e-05,0,0.000394273401034133,0,0,0.0426522953432712
5001,0,0,0,0,0,0,0,0,0,0,0,0,0,0,0,0,0,0,0,0
5003,0,0,0,0,0,0,0,0,0,0,0,0,0,0,0,0,0,0,0,0
5005,0,0,0,0,0,0,0,0,0,0,0,0,0,0,0,0,0,0,0,0
5007,0,0,0,0,0,0,0,0,0,0,0,0,0,0,0,0,0,0,0,0
5009,0,0,0,0,0,0,0,0,0,0,0,0,0,0,0,0,0,0,0,0
5011,0,0,0,0,0,0,0,0,0,0,0,0,0,0,0,0,0,0,0,0
5013,0,0,0,0,0,0,0,0,0,0,0,0,0,0,0,0,0,0,0,0
5015,0,0,0,0,0,0,0,0,0,0,0,0,0,0,0,0,0,0,0,0
5017,0,0,0,0,0,0,0,0,0,0,0,0,0,0,0,0,0,0,0,0
5019,0,0,0,0,0,0,0,0,0,0,0,0,0,0,0,0,0,0,0,0
5021,0,0,0,0,0,0,0,0,0,0,0,0,0,0,0,0,0,0,0,0
5023,0,0,0,0,0,0,0,0,0,0,0,0,0,0,0,0,0,0,0,0
5025,0,0,0,0,0,0,0,0,0,0,0,0,0,0,0,0,0,0,0,0
5027,0,0,0,0,0,0,0,0,0,0,0,0,0,0,0,0,0,0,0,0
5029,0,0,0,0,0,0,0,0,0,0,0,0,0,0,0,0,0,0,0,0
5031,0,0,0,0,0,0,0,0,0,0,0,0,0,0,0,0,0,0,0,0
5033,0,0,0,0,0,0,0,0,0,0,0,0,0,0,0,0,0,0,0,0
5035,0,0,0,0,0,0,0,0,0,0,0,0,0,0,0,0,0,0,0,0
5037,0,0,0,0,0,0,0,0,0,0,0,0,0,0,0,0,0,0,0,0
5039,0,0,0,0,0,0,0,0,0,0,0,0,0,0,0,0,0,0,0,0
5041,0,0,0,0,0,0,0,0,0,0,0,0,0,0,0,0,0,0,0,0
5043,0,0,0,0,0,0,0,0,0,0,0,0,0,0,0,0,0,0,0,0
5045,0,0,0,0,0,0,0,0,0,0,0,0,0,0,0,0,0,0,0,0
5047,0,0,0,0,0,0,0,0,0,0,0,0,0,0,0,0,0,0,0,0
5049,0,0,0,0,0,0,0,0,0,0,0,0,0,0,0,0,0,0,0,0
5051,0,0,0,0,0,0,0,0,0,0,0,0,0,0,0,0,0,0,0,0
5053,0,0,0,0,0,0,0,0,0,0,0,0,0,0,0,0,0,0,0,0
5055,0,0,0,0,0,0,0,0,0,0,0,0,0,0,0,0,0,0,0,0
5057,0,0,0,0,0,0,0,0,0,0,0,0,0,0,0,0,0,0,0,0
5059,0,0,0,0,0,0,0,0,0,0,0,0,0,0,0,0,0,0,0,0
5061,0,0,0,0,0,0,0,0,0,0,0,0,0,0,0,0,0,0,0,0
5063,0,0,0,0,0,0,0,0,0,0,0,0,0,0,0,0,0,0,0,0
5065,0,0,0,0,0,0,0,0,0,0,0,0,0,0,0,0,0,0,0,0
5067,0,0,0,0,0,0,0,0,0,0,0,0,0,0,0,0,0,0,0,0
5069,0,0,0,0,0,0,0,0,0,0,0,0,0,0,0,0,0,0,0,0
5071,0,0,0,0,0,0,0,0,0,0,0,0,0,0,0,0,0,0,0,0
5073,0,0,0,0,0,0,0,0,0,0,0,0,0,0,0,0,0,0,0,0
5075,0,0,0,0,0,0,0,0,0,0,0,0,0,0,0,0,0,0,0,0
5077,0,0,0,0,0,0,0,0,0,0,0,0,0,0,0,0,0,0,0,0
5079,0,0,0,0,0,0,0,0,0,0,0,0,0,0,0,0,0,0,0,0
5081,0,0,0,0,0,0,0,0,0,0,0,0,0,0,0,0,0,0,0,0
5083,0,0,0,0,0,0,0,0,0,0,0,0,0,0,0,0,0,0,0,0
5085,0,0,0,0,0,0,0,0,0,0,0,0,0,0,0,0,0,0,0,0
5087,0,0,0,0,0,0,0,0,0,0,0,0,0,0,0,0,0,0,0,0
5089,0,0,0,0,0,0,0,0,0,0,0,0,0,0,0,0,0,0,0,0
5091,0,0,0,0,0,0,0,0,0,0,0,0,0,0,0,0,0,0,0,0
5093,0,0,0,0,0,0,0,0,0,0,0,0,0,0,0,0,0,0,0,0
5095,0,0,0,0,0,0,0,0,0,0,0,0,0,0,0,0,0,0,0,0
5097,0,0,0,0,0,0,0,0,0,0,0,0,0,0,0,0,0,0,0,0
5099,0,0,0,0,0,0,0,0,0,0,0,0,0,0,0,0,0,0,0,0
5101,0,0,0,0,0,0,0,0,0,0,0,0,0,0,0,0,0,0,0,0
5103,0,0,0,0,0,0,0,0,0,0,0,0,0,0,0,0,0,0,0,0
5105,0,0,0,0,0,0,0,0,0,0,0,0,0,0,0,0,0,0,0,0
5107,0,0,0,0,0,0,0,0,0,0,0,0,0,0,0,0,0,0,0,0
5109,0,0,0,0,0,0,0,0,0,0,0,0,0,0,0,0,0,0,0,0
5111,0,0,0,0,0,0,0,0,0,0,0,0,0,0,0,0,0,0,0,0
5113,0,0,0,0,0,0,0,0,0,0,0,0,0,0,0,0,0,0,0,0
5115,0,0,0,0,0,0,0,0,0,0,0,0,0,0,0,0,0,0,0,0
5117,0,0,0,0,0,0,0,0,0,0,0,0,0,0,0,0,0,0,0,0
5119,0,0,0,0,0,0,0,0,0,0,0,0,0,0,0,0,0,0,0,0
5121,0,0,0,0,0,0,0,0,0,0,0,0,0,0,0,0,0,0,0,0
5123,0,0,0,0,0,0,0,0,0,0,0,0,0,0,0,0,0,0,0,0
5125,0,0,0,0,0,0,0,0,0,0,0,0,0,0,0,0,0,0,0,0
5127,0,0,0,0,0,0,0,0,0,0,0,0,0,0,0,0,0,0,0,0
5129,0,0,0,0,0,0,0,0,0,0,0,0,0,0,0,0,0,0,0,0
5131,0,0,0,0,0,0,0,0,0,0,0,0,0,0,0,0,0,0,0,0
5133,0,0,0,0,0,0,0,0,0,0,0,0,0,0,0,0,0,0,0,0
5135,0,0,0,0,0,0,0,0,0,0,0,0,0,0,0,0,0,0,0,0
5137,0,0,0,0,0,0,0,0,0,0,0,0,0,0,0,0,0,0,0,0
5139,0,0,0,0,0,0,0,0,0,0,0,0,0,0,0,0,0,0,0,0
5141,0,0,0,0,0,0,0,0,0,0,0,0,0,0,0,0,0,0,0,0
5143,0,0,0,0,0,0,0,0,0,0,0,0,0,0,0,0,0,0,0,0
5145,0,0,0,0,0,0,0,0,0,0,0,0,0,0,0,0,0,0,0,0
5147,0,0,0,0,0,0,0,0,0,0,0,0,0,0,0,0,0,0,0,0
5149,0,0,0,0,0,0,0,0,0,0,0,0,0,0,0,0,0,0,0,0
6001,2.35957115787609e-05,0.000459522495753635,8.36949970083964e-06,0,0.0010968161859808,0.000256959139618892,0.00142045592945804,0.00316667969293274,0,3.75577175797449e-06,3.02216632473741e-05,9.64447691995972e-06,1.85371621685572e-06,4.54898761747288e-10,1.56396133217662e-05,0,0,0,0,0.000939797619216459
6003,0,0,0,0,0,0,0,0,0,0,0,0,0,0,0,0,0,0,0,0
6005,0,5.52159970353517e-05,0,0,0.000169856298603081,4.7748240214144e-05,0.00258278058740907,0.00555595653759912,0,0,0,3.96834171872485e-06,1.09739821864269e-06,1.95275586633628e-06,0,0,0,4.96628304833714e-07,0,0.00690862750834751
6007,2.74125862549055e-06,0.000660607248348871,4.23573429332784e-05,0,0.000493328088804377,0.00144737589385554,0.431217606019881,0.023048265679536,0,0,0.000477908120723104,0,0.296664060566642,0,0,0,0,0.0011972537051825,0,0.00496078396214093
6009,0,0,0,0,0,0,0.00262200540081894,0,0,0,0,0,0,0,0,0,0,0,0,0.00059672021090352
6011,4.52403779663813e-05,0.0154972264295979,0,0,0.00136950165258865,0.00530724562418056,0.286112464871468,0.0523903936704449,0,0,0.0146954358629668,1.0201787674498e-05,0.106153790930884,0,0.000505246618729079,0,0,0.0222609641954814,0,0.0408496636123506
6013,2.32335299645684e-05,0.00519878199903677,1.93388403178591e-07,0,0.000240483625417723,0.000480761530547825,0.00416549643326987,0.00541142407846386,0,8.55221273872628e-05,1.62966766175999e-05,2.44123242072128e-06,1.41143989435239e-06,8.95658402464778e-11,2.91817263789989e-05,0,0,7.21849665997285e-06,0,0.00113271283163596
6015,0,0,0,0,0,0,0,0,0,0,0,0,0,0,0,0,0,0,0,0
6017,0,0,0,0,0,0,0,0.00112628298494782,0,0,0,0,0,0,0,0,0,0,0,0
6019,0.0200397649488456,0.0239289636160868,0.0648747928416808,0,0.00398960713113593,0.0100191315454529,0.883223010656121,0.110963098895552,0,5.53071669712025e-06,0.00327322745531464,0,7.83045608686482e-06,1.63234968547485e-05,0.000224431255657896,0,7.51930001979489e-06,0,0,0.064821061782924
6021,0.000237421045165585,0.0124779539508504,0.00125956097193503,0,0.00469643246975581,0.00414475859832294,0.287615820535826,0.044149502840342,0,0,0.00210912082329382,4.16549037011203e-06,0.180137445818846,1.08219135512897e-05,5.29990757601748e-05,0,0,0.00313065850720111,0,0.0132458124440912
6023,0,0,0,0,0,0,0,0,0,0,0,0,0,0,0,0,0,0,0,0
6025,1.829847129004e-07,0.0188263176088169,0.00410795506482097,0,0.00298468228752659,5.49259889843455e-05,0.286706227911505,1.03812771367179,0,0.00288979831672972,1.16351275537003e-06,0,4.34035571904214e-08,0,0,0,0.138073186807648,0,0,0.308303128804761
6027,5.93502627316435e-05,1.55403680704018e-05,9.84181119919576e-06,0,0.0004080106954721,1.41781347479253e-05,0.000104028944061112,0.0160802339975752,0,0,0,0,6.7436803058076e-08,0,0,0,0,0,0,2.70164783355537e-05
6029,0.00857610555012413,0.0863680856422609,0.0564234021598606,0,0.0117466278365405,0.0491255649934111,1.44426851974207,0.258166284101793,0,0.0441977648517212,0.00436885752894845,0.000100839004363746,4.24432785349972e-09,0.0107231282792545,0.00871605745445958,0,1.37438905825137e-05,0,0,0.0675692303474312
6031,0.0156956791829856,0.0987900406877215,0.104836896421821,0,0.0104139146683235,0.0838036170486069,0.292113034375666,0.124520543098775,0,2.64054550254179e-06,0.000676248304940452,0,5.46696402270717e-09,0.000218297569342016,0.00677447747673739,0,0.000385926004879432,0,0,0.0967701800632363
6033,6.23644428267575e-06,0,0,0,0.0038763414099437,2.92159038632509e-07,0.0168049970089999,0.00419322079519398,0,0,0,0,1.22117265992213e-07,1.44228579393557e-09,0,0,0,0,0,1.31734913577175e-05
6035,4.34955304103844e-05,3.64747058252868e-07,0,0,1.50041596663944e-05,0.000437798367053649,0.000736234645882017,0.0413843479632627,0,2.46978254658024e-05,4.91507663904773e-05,0,8.01842956111439e-07,7.68023501996839e-05,0,0,0,5.76874818930504e-06,0,0.000614246657952793
6037,0.00213214626966836,8.1683648277437e-05,4.23394746175996e-05,0,7.41001573125811e-05,0.000200289499914551,0.00103245495929933,0.0122862940635899,0,0.000141014843485884,0,0,0,0,1.19920122351335e-06,0,0,0,0,0.00116691285225322
6039,0.00354373984523306,0.0180376897374957,0.00827422424156258,0,0.00826196771393189,0.000824038961383174,0.795792854255367,0.131049142792192,0,1.89576461466525e-06,0.000576093717895061,0,1.399672812366e-07,1.86659309724732e-06,3.85510841374888e-05,0,5.00417828190004e-06,0,0,0.0776417273486012
6041,0,2.05465043783904e-10,0,0,0.00463220927638682,1.54762932485384e-06,0.00173451094185049,3.81853819610838e-05,0,0,1.0362159770419e-06,1.2975191204752e-07,0,1.78295698444514e-05,0,0,0,0,0,1.27075583267116e-06
6043,0,0,0,0,9.25461289217576e-06,0,0.0155493740199343,0.000131754203218092,0,0,2.50044763907907e-05,0,0,0,0,0,0,0,0,0.000294783067196301
6045,0,0,0,0,0.000160252708956249,0,0.00190148728198551,0.000384442194009788,0,0,0,0,0,0,0,0,0,0,0,1.02160433586047e-06
6047,0.00310765352167496,0.107246693491494,0.0789031652123935,0,0.0256224771232133,0.00375820238573195,0.379411377472614,0.229136175758371,0,5.14030368614451e-07,3.49381681148737e-05,0,9.27352960590426e-06,0.000352613735230275,0.0016327619313069,0,7.80327562165292e-06,0,0.00379035366344684,0.0804248602119228
6049,0,0,0,0,0,0,0,0,0,0,0,0,0,0,0,0,0,0,0,0
6051,0,4.65443043849244e-05,0,0,6.02659400835272e-05,0.00161892454392801,0.00295148157876016,0.052042080260904,0,0,0,0,3.16607803125917e-08,0,0,0,4.30161355647924e-06,0,0,7.70314846302084e-05
6053,0.00266219700534,0.00254533638462291,0.00136381719574534,0,0.00121513549910354,0.0010743489979497,0.13626307240649,0.011063417034615,0,0.000189534598258018,0.00206738413286761,7.96974409533616e-07,1.15470258493055e-05,3.29957225218873e-05,4.10532534763885e-05,0,0,1.70041814143386e-05,8.73195760153068e-06,0.00390087570452159
6055,2.54540855616783e-07,7.84286755496332e-07,6.65934454576359e-09,0,0.000948398554456867,2.94684290659442e-05,0.0141523737629248,0.00022064616889521,0,0,1.57677435622961e-06,2.59226978378323e-08,4.69421965352029e-09,2.00115770653613e-06,0,0,0,5.10016920916932e-07,0,4.83378024404875e-05
6057,0,0,0,0,0,0,0,0,0,0,0,0,0,0,0,0,0,0,0,0
6059,0,0,0,0,0.000112233885308694,0,0.000384622100499568,0.000296721277318263,0,0.000494145690152773,0,0,0,0,0,0,0,0,0,0.00114295706680907
6061,0.000233460250299638,0.000736322045222487,1.98487352503229e-05,1.80279009491656e-06,0.000206098017778116,0.000102122989478242,0.00870461986531109,0.0198929528456551,0,0,0,5.38027995130898e-05,0.0464103044420941,0,0,0,0,0,0,0.00141740689511223
6063,1.00653818802629e-06,0,0,0,0.000435072910522306,2.03859401296024e-05,2.90112022485297e-05,0.0287150722516663,0,2.22476674378354e-06,2.12386279775457e-06,0,7.49806142013559e-08,1.95592405786031e-05,0,0,0,7.94559860859093e-08,0,6.44693598879082e-06
6065,0.00257949641917238,0.00652963706098426,0.0164040334186535,0,0.0021652067081041,0,0.131316621997184,0.391945857410949,0,0.00201674251534953,0,0,0,0,0,0,0.000219258561485456,3.19846366780574e-05,0,0.132153799750754
6067,7.52533539488676e-05,0.081792148898521,3.29479334817528e-05,0,0.00587933040051175,0.0177659136312295,0.138489221098642,0.112937085971762,0,0.00294505712749612,0.00198358550548399,0.000123914889487265,0.00286260767144905,4.13078511554043e-05,0.000804593127804406,0,0,0.000273700089501632,0,0.0210972957864606
6069,0.000293609118665387,0.000278203797163369,4.28131939620253e-06,0,0.000998159152816542,0.000375957111272948,0.00855865072111305,0.00196579980083159,0,6.61386160955688e-06,1.69407364417257e-05,0,3.12661709627392e-07,1.13641456652546e-06,3.18274844535936e-07,0,0,5.06191842448021e-05,0,0.0019155356395878
6071,1.33338960514185e-05,1.34403168815404e-06,0.00670823378565477,0,0.000444191715568075,0,0.000112067941970611,0.0173359194137581,0,9.08437163350168e-06,1.22242128919954e-06,0,0,0.000398915542756733,0,0,8.37502404814361e-09,0,0,0.00204345126037642
6073,7.34735452584584e-05,0.000245910102680602,0,0,0.000185997659162054,0,0.0547823790221744,0.00714762828954424,0,0,0,0,0,0,0,0,3.03003909954634e-05,3.0301401720546e-06,0,0.025936590330056
6075,0,0,0,0,0,0,0,0,0,0,0,0,0,0,0,0,0,0,0,0
6077,0.00118640304643084,0.0974258350616674,0.000406762073691356,1.17954250685979e-06,0.0396400842973223,0.0162844468252362,0.525313212734713,0.196579694225189,0,0.00341905680891882,0.00508239630922036,0.000185871356599455,0.000116109408616562,1.09250121836439e-05,0.000359098787222951,0,0,7.89925948909122e-05,1.22925433416631e-05,0.0478408576645225
6079,0.0139524483316763,3.57895985367413e-05,8.3736628441242e-05,0,0.00130303478870468,0.000381791387468578,0.0442624357883033,0.0105294131695626,0,0.000158198703144331,0.000386844289930109,0,9.90627895907849e-08,3.56782718615355e-07,1.14103387206702e-06,0,0,0,0,0.00028223456105997
6081,0,0.000434077997087985,0,0,0.00241018110746947,0,0.00136476924823893,0.000292554412196171,0,0,0,0,0,0,0,0,0,0,0,0.0111542643233419
6083,0.000437988419583259,0.000225395306102391,0.000373316095725701,0,0.000431939452175231,0.000536969057561434,0.0451432999322569,0.00237876890708878,0,0.000564513950527186,0.000867895177191096,0,3.86679517958372e-06,0.000183235213127376,1.75842547428033e-05,0,3.19200625057331e-07,4.48175951966526e-07,0,0.000208636234924962
6085,4.79056417569638e-05,0.000233009972007399,8.16833627724136e-07,0,0.000276847133867287,6.72959182281597e-05,0.00284132368244117,0.000790488743143693,0,3.49157813008469e-06,3.46417312648816e-06,0,7.26836314311969e-08,0,0,0,0,1.65369254682522e-05,0,0.000713907590124338
6087,0.000134907031379467,0.00120099096115038,0.00029363671754035,0,0.0016766745874262,0.0026031563056051,0.0140956075374738,0.00356681289743159,0,0.000158638891763252,1.52026319850441e-05,0,8.63421722153109e-06,5.1061989451375e-05,0,0,0,0.000103040478424936,0,0.00301482256804258
6089,0,0,0,0,0,0,0.00519504059602901,0.0483269593374162,0,0,0,0,0,0,0,0,0,0,0,0.00253398971569414
6091,0,0,0,0,0,0,0,0,0,0,0,0,0,0,0,0,0,0,0,0
6093,0,0,0,0,0,0,0,0,0,0,0,0,0,0,0,0,0,0,0,0
6095,0.000218792797192,0.0198413485288615,8.5725519533439e-05,2.13691924343056e-05,0.00517760962458685,0.0175021027907543,0.14120707226392,0.129498190995975,0,0.000307636373072802,0.00300443219739216,6.69340268274797e-05,0.00034811538827567,0.00104013305175992,0.000477029784496579,0,0,0.0143110461118218,0,0.0311618340947409
6097,0,4.47041159611469e-07,0,0,0.0177330949933296,6.96770491640279e-06,0.0199077761368285,0.00218003142793326,0,0,1.01034946429773e-06,0,9.6089384668834e-07,0.000141737882025698,0,0,0,1.96467577836208e-06,0,1.44083164145032e-05
6099,0.000555588704012456,0.118749016965378,0.00146756452610473,1.02657296617612e-06,0.0225661870863706,0.00131695507852012,0.462717299120504,0.182650520737836,0,2.4468464602554e-05,0.00427076482400109,7.51273275874567e-06,1.62539118868723e-05,6.53643399899381e-05,0.00207136969159377,0,0,1.47039353548892e-05,0.00106928053509457,0.0293561716929897
6101,6.50582373272903e-05,0.00314575124344877,0.00046998996074242,9.37328542474055e-05,0.0005925628742761,0.00396855830304671,0.123929318001116,0.0214255267646693,0,0,0.00719285688619255,0.000258792918031511,0.163174882718141,7.14789584967493e-05,0.000491178715836909,0,0,0.00726136974794436,0,0.0126044303365939
6103,1.93821628240388e-05,0.000869647152573928,1.43736582019154e-05,0,0.00186083706237276,0.000988029061621707,0.125499558234767,0.0216633184215039,0,1.98268155458269e-08,0.000128621175711996,9.92895478628504e-07,4.83064299721837e-06,9.69233332522461e-06,3.18515987402958e-06,0,0,7.70038901148772e-05,0,0.00256124205706733
6105,0,0,0,0,0,0,0,0,0,0,0,0,0,0,0,0,0,0,0,0
6107,0.0195000827096318,0.169446045316559,0.0374635698001509,0,0.0366522193534963,0.0323047835580441,0.902468452993249,0.177063781741586,0,0.000126012140154531,0.00357937673017615,0.000196627297394576,1.10963303748367e-09,3.94545556789187e-05,0.0196856365555317,0,4.66789834081701e-05,0,0,0.187866331955981
6109,0,0,0,0,0,0,0,0,0,0,0,0,0,0,0,0,0,0,0,5.65707019043543e-05
6111,0.000268430796341184,0.000892044850132585,0.000563870325839782,0,0.00193947791416092,0.00532094342083087,0.0253566511966015,0.0232475407300786,0,0.00776681060677787,0,0,0,0.00376195798669894,0.000365993954209556,0,0,0,0,0.00130011350632553
6113,0.000443262212761039,0.00334783787709413,5.87163131909516e-05,5.39104134890407e-05,0.0037245522075462,0.00912751458353463,0.11837919889027,0.0562272847541248,0,3.58159281115973e-06,0.00388015228799164,0.000113056578440336,0.00794492567851441,0.000353391388868491,0.00020430985045023,0,0,0.0171410252352171,0,0.0255835266337166
6115,0,0,0,0,0.00025776632063723,0.000233252631683218,0.122752176080689,0.0224206691869639,0,0,0,0,0.132993767517923,0,0,0,0,0,0,0.00400400687430023
8001,7.10966606705439e-09,0.000297583675542116,0,0.000223800815370462,3.43843573538653e-07,2.27731836298258e-06,7.20911412013961e-08,0.00028943712672858,0,1.44948105512286e-07,5.50710242150148e-06,2.58058513054493e-08,0,1.09712814711739e-07,6.96693798798364e-05,0,7.42387018985905e-06,9.41046625776218e-05,0,0.0028029984525716
8003,0.0272832223227992,3.69615025268164e-06,0,0,0.00182323298033069,0.000172272961344454,0.00476353645562193,0.0468950967930846,0,0.0343844932218229,0,0,0,0,6.23191130214165e-06,0,0,0,0,0.000779153508379065
8005,0,2.54801287165957e-05,0,5.48746474312938e-06,2.14494787114282e-08,2.71199227295964e-06,1.49645062647562e-10,1.00324216708465e-05,0,3.49800576564935e-09,7.97403548268023e-09,1.54521072677107e-08,0,2.60196401869953e-08,4.13510607971565e-06,0,0,4.32358486832215e-07,0,0.000408289688656153
8007,0,0,0,0,0,0,0,0,0,0,0,0,0,0,0,0,0,0,0,0
8009,6.66314272024748e-06,0.0223070240036041,0,8.34428036797335e-06,0.000793434454928325,0.000427489929012349,0,0.00796457435732599,0,0,0,0,0,2.9405528184309e-05,0.0534729091844909,0,0,0.00180528300947994,0,0.0828669926642626
8011,2.14662369815024e-06,0.00110225276809074,0,3.86379080967818e-06,1.37828453565364e-05,6.82300060001671e-05,7.08937091070674e-06,0.00566675263281032,0,1.13715633578867e-07,3.95801256794619e-06,0,0,5.76486354784348e-08,0.00157382686695544,2.89904621247881e-07,9.69066227146294e-08,5.32450935265764e-06,0,0.00159699202585219
8013,0,0,0,0,0,0,0,0,0,0,0,0,0,0,0,0,0,0,0,0
8014,0,0,0,0,0,0,0,0,0,0,0,0,0,0,0,0,0,0,0,0
8015,4.43967642518076e-09,5.29368298825021e-10,0,0,1.19252758737444e-08,8.7871955902921e-09,0,8.14616141280247e-06,0,0,0,0,0,0,0,0,0,0,0,0
8017,0,0.0069139866469746,0,0.000570325163345712,3.51635502886609e-05,3.72405184381983e-05,3.46063816800147e-07,0.000170873701340993,0,2.75242909010838e-07,8.57303453417226e-06,0,0,3.1531175814655e-08,0.00636377532493493,2.66704034799816e-05,2.36943148930156e-08,6.33963437809256e-05,0,0.0213249532022509
8019,0,0,0,0,0,0,0,0,0,0,0,0,0,0,0,0,0,0,0,0
8021,0.0034679126040455,1.72744090416487e-06,0,0,0.00321275367092409,8.02855498870714e-05,1.44484958571935e-06,0.0641178628359799,0,0.000438580252808098,0,0,0,0,7.56869965374758e-05,0,0,0,0,0.000104946526181575
8023,0.00224183021020224,0,0,0,0.000458567612844425,0,0,0.00107120662011811,0,0,0,0,0,0,0,0,0,0,0,0
8025,9.61055897732723e-08,0.000469340985780261,0,2.65689147385963e-06,3.25051499460007e-06,1.82835141693809e-05,0,0.00312353650501986,0,0,6.77651076948099e-05,0,0,0,0.000552895428886687,0,0,0,0,0.000451196394171119
8027,0,0,0,0,0,0,0,0,0,0,0,0,0,0,0,0,0,0,0,0
8029,0,0,0,0,0,0,6.36303978323764e-07,1.06979664555404e-05,0,0,0,0,0,0,0,0,0,0,0,0
8031,0,0,0,0,0,0,0,0,0,0,0,0,0,0,0,0,0,0,0,0
8033,0,0,0,0,0,0,0,0,0,0,0,0,0,0,0,0,0,0,0,0
8035,0,0,0,0,0,0,0,0,0,0,0,0,0,0,0,0,0,0,0,0
8037,0,0,0,0,0,0,0,0,0,0,0,0,0,0,0,0,0,0,0,0
8039,0,0.000266296868325989,0,0.000520228717296494,1.73008628822885e-06,8.44177155388215e-06,2.61275459042748e-07,0.000187794557813971,0,0,1.16749489786824e-07,0,0,1.73209639018463e-08,0.000355518613974114,0,3.38132954859319e-07,4.37885707886151e-05,0,0.00271996536548815
8041,0,0.000162056855077903,0,0.000359594992371161,2.04882300857066e-05,0.000162908271355556,1.0763481151861e-05,0.00451973571558971,0,1.53367510853622e-07,7.50390132273853e-07,0,0,2.71336304691264e-07,0.00146845348479084,0,1.87875235384531e-07,7.78375192048419e-06,0,0.00128672682089331
8043,0,0,0,0,0,0,0,0,0,0,0,0,0,0,0,0,0,0,0,0
8045,0,0,0,0,0,0,0,5.89078033577992e-05,0,0,0,0,0,0,0,0,0,0,0,0
8047,0,0,0,0,0,0,0,0,0,0,0,0,0,0,0,0,0,0,0,0
8049,0,0,0,0,0,0,0,0,0,0,0,0,0,0,0,0,0,0,0,0
8051,0,0,0,0,0,0,0,0,0,0,0,0,0,0,0,0,0,0,0,0
8053,0,0,0,0,0,0,0,0,0,0,0,0,0,0,0,0,0,0,0,0
8055,0,0,0,0,0,0,0,0,0,0,0,0,0,0,0,0,0,0,0,0
8057,0,0,0,0,0,0,0,0,0,0,0,0,0,0,0,0,0,0,0,0
8059,0,0,0,0,0,0,0,0,0,0,0,0,0,0,0,0,0,0,0,0
8061,0,0.000133000732858164,0,0.000118285243137227,3.35795601291555e-07,1.66389382227558e-06,1.5042692775302e-08,3.02347865420005e-06,0,0,4.99611302058054e-08,0,0,0,0.000532459694343111,3.0250133015191e-09,0,3.11836832981938e-05,0,0.00138142268128364
8063,0,0.0246425096221347,0,0.00112413390758152,0.000222355077947871,6.98085222401987e-05,1.6736985530894e-06,0.000527668588507715,0,1.45293233580145e-05,7.60340160092663e-05,0,0,1.28766286024671e-05,0.00396430166592426,0.000398209976105667,6.63973772281723e-06,0.000793587345303845,0,0.0390926878154238
8065,0,0,0,0,0,0,0,0,0,0,0,0,0,0,0,0,0,0,0,0
8067,0,0,0,0,0,0,0,0,0,0,0,0,0,0,0,0,0,0,0,0
8069,0,0,0,0,0,0,0,0,0,0,0,0,0,0,0,0,0,0,0,0
8071,7.47178077425174e-09,1.66547566042307e-07,0,3.13913089095645e-08,2.54992698160389e-07,2.95612324637208e-08,2.59395754663086e-10,2.28384022784443e-05,0,0,0,0,0,2.14666243688789e-08,1.42996873621819e-06,0,0,1.86630245214451e-08,0,2.74302713910654e-06
8073,2.08878602555899e-09,0.000339673219506911,0,0.000573590433488046,9.68772812694533e-06,4.27679814180759e-06,2.64431930558289e-07,2.93190263348521e-05,0,5.69145282749760e-09,4.85955249405445e-07,0,0,6.69555910774767e-08,0.000485540423797604,0,6.03853118744098e-08,8.14621464888291e-05,0,0.00293665108328073
8075,0,0.0187285105391027,0,0.0076201126825426,4.01175721977178e-05,0.000257408165690431,1.35718946685986e-05,0.00520446218345523,0,0,0.000150602413810316,0,0,2.21351052641018e-05,0.00081038670331127,4.53274243614455e-05,0.000274910840762901,0.000209418939782803,0,0.0284711357305806
8077,1.71127088587096e-07,4.44129953108845e-06,0,0,7.95174313767338e-08,2.18201028521828e-08,1.00189431176644e-06,2.1054711576708e-05,0,0,1.48367577479081e-07,0,0,2.30965645761208e-10,3.85386340814483e-08,0,0,0,0,2.59163416960931e-06
8079,0,0,0,0,0,0,0,0,0,0,0,0,0,0,0,0,0,0,0,0
8081,0,0,0,0,0,0,0,2.08503764085592e-05,0,0,2.36343131608047e-09,0,0,0,0,0,0,0,0,0
8083,0,0,0,0,0,0,0,0,0,0,0,0,0,0,0,0,0,0,0,0
8085,0,0,0,0,0,0,0,0,0,0,0,0,0,0,0,0,0,0,0,0
8087,0,0.00404447600540956,0,5.68624042355331e-05,1.57369781640966e-05,5.25143782279238e-05,0,0.00239848189276011,0,0,3.56758286958891e-06,0,0,0.000103485627550313,0.000255524731369941,0,6.79290456563307e-05,6.02392207393548e-05,0,0.00210553489662599
8089,8.54045190214552e-07,0.00198549702313148,0,6.92753512648226e-06,3.31776805998539e-05,5.74097813752245e-05,0.000116470057416356,0.00898732782759891,0,0,9.06148481139216e-05,0,0,0,0.00167292786563021,6.07625620510021e-06,0,3.23208787566576e-05,0,0.00083444584619502
8091,0,0,0,0,0,0,0,0,0,0,0,0,0,0,0,0,0,0,0,0
8093,0,0,0,0,0,0,0,0,0,0,0,0,0,0,0,0,0,0,0,0
8095,3.63511161526629e-09,0.0146549788444144,0,0.00162336728974086,5.07280592813571e-05,2.31276264438821e-06,1.60146981992914e-06,0.000471546024976092,0,6.39093828961921e-05,0.000363668328654212,0,0,2.45764341187544e-05,0.000393873505541707,0.000137599938533068,2.48879430879057e-05,1.47692655640839e-05,0,0.0077080962361883
8097,0,0,0,0,0,0,0,0,0,0,0,0,0,0,0,0,0,0,0,0
8099,6.51899184606446e-08,0.00310134337559287,0,2.99026866191424e-05,6.47715821523065e-05,0.000665515262499716,4.37014453909811e-06,0.0118646153596044,0,0,4.16473675937263e-06,0,0,0,0.0101445159474647,8.24390519686895e-06,0,4.52794245027063e-05,0,0.0186814998136865
8101,0,0.00375316315674901,0,4.72224775733993e-05,3.11637675353425e-06,0,0,0.00367168130869892,0,0,0,0,0,0,0.00167467645586466,0,0,2.478467611488e-06,0,0.000448473512792099
8103,0,0,0,0,0,0,0,0,0,0,0,0,0,0,0,0,0,0,0,0
8105,0.0455196396819297,0,0,0,0.000617788666200843,4.14898356342956e-05,0.00180476447238978,0.0532381818390755,0,0.0371101598144621,0,0,0,0,0,0,0,0,0,0.00213917060188571
8107,0,0,0,0,0,0,0,0,0,0,0,0,0,0,0,0,0,0,0,0
8109,0.0424841869612171,4.77937222758222e-06,0,0,0.000530923140285737,0.000622495953144024,0.00214274202161667,0.0458838984793571,0,0.0566877597351658,3.8133316225301e-07,0,0,0,8.77771391101891e-08,0,0,0,0,0.0032376039334949
8111,0,0,0,0,0,0,0,0,0,0,0,0,0,0,0,0,0,0,0,0
8113,0,0,0,0,0,0,0,0,0,0,0,0,0,0,0,0,0,0,0,0
8115,0,0.00799992112185819,0,0.00125528410499776,2.58404384450346e-05,1.46700426105361e-05,2.3220510255841e-06,0.000742824967678969,0,1.78469735149042e-09,6.25697574264476e-05,0,0,7.89487786976285e-06,0.000391511779178798,0.000153980229919612,0.000134773811366063,0.000202070126782204,0,0.0107792858192037
8117,0,0,0,0,0,0,0,0,0,0,0,0,0,0,0,0,0,0,0,0
8119,0,0,0,0,0,0,0,0,0,0,0,0,0,0,0,0,0,0,0,0
8121,0,0.0053224052856095,0,0.00507694282283468,2.93062787639396e-05,2.67882896421347e-05,1.22448885313905e-06,0.00063623326420386,0,4.94992027272697e-08,3.62136929155888e-05,0,0,1.00360661212957e-05,0.000863088004712618,0.000102767667383883,0.000165158347100427,0.000200332489352371,0,0.0236888225768357
8123,5.82741564362516e-11,2.70003701029057e-06,0,0.000497639282927362,5.68817897652884e-05,0.000459953399973602,3.44033510676601e-05,0.0118803535856483,0,0,0.000331993394559436,0,0,0,0.000171216337222732,0,0.000773913453153994,0.000391150437757087,0,0.00843119266518994
8125,0,0.143053096800596,0,0.01085265212018,0.000863118601765319,8.02992769880979e-05,0.000267848393320618,0.0112696667381751,0,0.00202920887381775,0.00489001725706853,0,0,0.000644034604767249,0.00864298096319558,0.0017491100223791,0.00262967368874203,0.000800145661281564,0,0.0866644049571847
9001,0,0,0,0,0,0,0,0,0,0,0,0,0,0,0,0,0,0,0,0
9003,0,0,0,0,0,0,0,0,0,0,0,0,0,0,0,0,0,0,0,0
9005,0,0,0,0,0,0,0,0,0,0,0,0,0,0,0,0,0,0,0,0
9007,0,0,0,0,0,0,0,0,0,0,0,0,0,0,0,0,0,0,0,0
9009,0,0,0,0,0,0,0,0,0,0,0,0,0,0,0,0,0,0,0,0
9011,0,0,0,0,0,0,0,0,0,0,0,0,0,0,0,0,0,0,0,0
9013,0,0,0,0,0,0,0,0,0,0,0,0,0,0,0,0,0,0,0,0
9015,0,0,0,0,0,0,0,0,0,0,0,0,0,0,0,0,0,0,0,0
10001,0,0,0,0,0,0,0,0,0,0,0,0,0,0,0,0,0,0,0,0
10003,0,0,0,0,0,0,0,0,0,0,0,0,0,0,0,0,0,0,0,0
10005,0,0,0,0,0,0,0,0,0,0,0,0,0,0,0,0,0,0,0,0
11001,0,0,0,0,0,0,0,0,0,0,0,0,0,0,0,0,0,0,0,0
12001,0,0.000135012372224444,0,3.96663982027109e-06,2.01165633616529e-06,0,7.30809302599175e-05,0.000401328331340223,0.000134295330714561,0,3.20419292317322e-05,0,0,3.38865641980022e-05,8.67802696678431e-06,1.74314396169759e-05,0,6.60602497025149e-07,0,1.22234739562386e-08
12003,0,3.33317971506911e-06,0,2.26862037499663e-06,1.11429137586196e-06,0,2.04720689934465e-05,0.000281135330949024,2.11545718017743e-05,0,4.66492163288229e-06,0,0,7.37232427920086e-06,7.00020360167527e-09,1.06293422962977e-05,0,0,0,4.00994390310558e-06
12005,0,0,0,0,0,0,0,0,0,0,0,0,0,0,0,0,0,0,0,0
12007,0,8.82957293075768e-05,0,2.69091124793759e-05,8.86467951302827e-06,5.26153260480278e-08,3.76949187397343e-05,0.00141904639765001,0.000170878907602985,0,1.90026949319742e-06,0,0,0.000124079711866877,2.04701317577256e-06,2.33516958629787e-05,0,1.20679128628147e-06,0,3.38951824078394e-06
12009,0,0,0,0,0,0,0,0,0,0,0,0,0,0,0,0,0,0,0,0
12011,0,0,0,0,0,0,0,0,0,0,0,0,1.73399395891632e-07,0,0,0,0,0,0,0
12013,0,0,0,0,0,0,0,0,0,0,0,0,0,0,0,0,0,0,0,0
12015,0,0,0,0,0,0,0,0,0,0,0,0,0,0,0,0,0,0,0,0
12017,0,0,0,0,0,0,0.000837818010296853,0.000731326949652652,0.000537759068961987,0,0,0,0,0,0,0,0,0,0,0
12019,0,1.70272922021711e-06,0,0,0,0,8.24882320676464e-06,1.55662132435163e-05,2.79063444317339e-06,0,0,0,0,0,0,0,0,0,0,0
12021,0,0,0,0,0,0,0.032958558723938,0.000327896924669064,0,4.60786873617152e-06,0,0,0,0,0,0,0,0,0,0
12023,0,2.15867129453383e-05,6.77071509527695e-09,6.13361322635237e-05,3.06238765923089e-05,2.77689253251385e-06,5.23407988170738e-05,0.000693366052888329,0.000715143538772775,1.37881042655075e-07,3.22498838782321e-06,0,0,9.75966318894201e-05,9.10571986770662e-06,4.18676321034669e-05,0,0,0,2.06452135050693e-05
12027,0,0,0,0,0,0,0,0,0,0,0,0,0,0,0,0,0,0,0,0
12029,0,0,0,0,0,0,0,0,0,0,0,0,0,0,0,0,0,0,0,0
12031,0,0,0,0,0,0,0,0,0,0,0,0,0,0,0,0,0,0,0,0
12033,0,0,0,0,0,0,0,0,0,0,0,0,0,0,0,0,0,0,0,0
12035,0,0,0,0,0,0,0.00259370221092314,0,0,0.0102805677777569,0,0,1.53452208304478e-10,0,0,0,0,0,0,0
12037,0,0,0,0,0,0,0,0,0,0,0,0,0,0,0,0,0,0,0,0
12039,0,0,0,1.4007400662429e-07,6.21453589623101e-07,0,0,0,0,0,0,0,0,7.98398490724726e-08,0,0,0,0,0,0
12041,0,0,0,0,0,0,0,0,0,0,0,0,0,0,0,0,0,0,0,0
12043,0,0,0,0,0,0,0,0,0,0,0,0,0,0,0,0,0,0,0,0
12045,0,0,0,0,0,0,0,0,0,0,0,0,0,0,0,0,0,0,0,0
12047,0,8.27869790607513e-05,7.51229010302993e-06,5.42413791214448e-05,0.000182421918561567,1.37781822349306e-08,3.35221015415968e-05,0.000585921992425393,0.000299125163847553,1.3950728413893e-07,8.79166082809016e-06,0,0,0.000286101150080493,1.04176096765455e-06,2.61421152135146e-05,0,0,0,2.98464944497812e-05
12049,0,0,0,0,0,0,0,0,0,0,0,0,0,0,0,0,0,0,0,0
12051,0,0,0,0,0,0,0.163877234246229,0.00434020577362024,0,0,0,0,0,0,0,0,0,0,0,0
12053,0,0,0,0,0,0,0,0,0,0,0,0,0,0,0,0,0,0,0,0
12055,0,0,0,0,0,0,0,0,0,0,0,0,0,0,0,0,0,0,0,0
12057,0,0,0,0,0,0,0,0,0,0,0,0,0,0,0,0,0,0,0,0
12059,0,0,0,0,0,0,0,0,0,0,0,0,0,0,0,0,0,0,0,0
12061,0,0,0,0,0,0,0,0,0,0,0,0,0,0,0,0,0,0,0,0
12063,0,0,0,0,0,0,0,0,0,0,0,0,0,0,0,0,0,0,0,0
12065,0,0,0,0,0,0,0,0,0,0,0,0,0,0,0,0,0,0,0,0
12067,0,1.31363646083126e-09,0,0,0,0,0,1.08730341984257e-08,0,0,0,0,0,1.92575902834076e-09,1.00133671013467e-08,0,0,0,0,0
12069,0,2.13238556744778e-06,0,0,0,0,0.00201795644549564,1.92705067392636e-05,0,1.08348102105062e-05,0,0,0,0,0,0,0,0,0,0
12071,0,0,0,0,0,0,0,0,0,0,0,0,0,0,0,0,0,0,0,0
12073,0,4.25858217154701e-05,6.58748090498539e-06,0,2.58031139555921e-05,0,3.80965941213673e-06,0.000160418054858195,3.23976937497723e-06,0,0,0,0,3.075502011093e-07,0,2.6220877735954e-06,0,0,0,0
12075,0,2.86810916915913e-07,0,1.52915301173467e-07,0,0,5.21552683865626e-07,1.65239178479996e-05,3.75377928531323e-06,0,1.57322668109272e-06,0,0,5.76554166720884e-07,8.40233945990022e-07,0,0,0,0,0
12077,0,0,0,0,0,0,0,0,0,0,0,0,0,0,0,0,0,0,0,0
12079,0,0,0,0,0,0,0,0,0,0,0,0,0,0,0,0,0,0,0,0
12081,0,0,0,0,0,0,0,0,0,0,0,0,0,0,0,0,0,0,0,0
12083,0,7.82277691424969e-05,0.000332769826732751,4.85095824400043e-05,3.41173502831772e-06,0,0.00267249076072588,0.00195565262661498,0.00732297900764089,1.75323182957992e-06,2.00596501137254e-05,0,0,0.000106743661794761,7.95364427639623e-06,2.18821353714838e-05,0,0,0,2.52758641539642e-05
12085,0,0,0,0,0,0,0,0,0,0,0,0,0,0,0,0,0,0,0,0
12086,0,0,0,0,0,0,0,0,0,0,0,0,1.10298394382866e-07,0,0,0,0,0,0,0
12087,0,0,0,0,0,0,0,0,0,0,0,0,0,0,0,0,0,0,0,0
12089,0,0,0,0,0,0,0,0,0,0,0,0,0,0,0,0,0,0,0,0
12091,0,0,0,0,0,0,0,0,0,0,0,0,0,0,0,0,0,0,0,0
12093,0,0,0,0,0,0,0,0,0,0,0,0,0,0,0,0,0,0,0,0
12095,0,0,0,0,0,0,0,0,0,0,0,0,0,0,0,0,0,0,0,0
12097,0,0,0,0,0,0,0,0,0,0,0,0,0,0,0,0,0,0,0,0
12099,0,0,0,0,0,0,0,0,0,0,0,0,0,0,0,0,0,0,0,0
12101,0,0,0,0,0,0,0,0,0,0,0,0,0,0,0,0,0,0,0,0
12103,0,0,0,0,0,0,0,0,0,0,0,0,0,0,0,0,0,0,0,0
12105,0,0,0,0,0,0,0,0,0,0,0,0,0,0,0,0,0,0,0,0
12107,0,0.000263704074327747,0,0,0,0,0.000360840316568737,3.66722261769524e-05,1.14631870815917e-05,0.025517017887011,0,0,0,1.34565456484729e-06,0,0,0,0,0,0
12109,0,0,0,0,0,0,0,0,0,0,0,0,8.98385423382374e-13,0,0,0,0,0,0,0
12111,0,0,0,0,0,0,0,0,0,0,0,0,0,0,0,0,0,0,0,0
12113,0,0,0,0,0,0,0,0,0,0,0,0,0,0,0,0,0,0,0,0
12115,0,0,0,0,0,0,0,0,0,0,0,0,0,0,0,0,0,0,0,0
12117,0,0,0,0,0,0,5.58083630076698e-06,0,0,0,0,0,0,0,0,0,0,0,0,0
12119,0,0,0,0,0,0,2.159071253861e-06,6.94897827345705e-05,5.36285042202114e-08,0,0,0,0,0,0,0,0,0,0,0
12121,0,0.00155569722945389,0.000167114766407906,0.000339799459531162,0.000563177257869987,8.18314843944802e-06,0.00425272801315635,0.00610079099166898,0.00199395966347881,0.000235835196941183,0.000559155923390522,0,0,0.00224745368298915,1.88179712193161e-05,0.000353002326133098,0,0,0,0.000194926521422052
12123,0,0,0,0,0,0,0,0,0,0,0,0,0,0,0,0,0,0,0,0
12125,0,2.50037611501763e-05,0,4.62924897030717e-05,2.18282026944573e-05,3.72177702482915e-07,6.10950803320654e-05,0.00118392211765933,0.000136700768969573,1.53345704103539e-07,2.35666942844447e-06,0,0,7.19233790248545e-05,2.26080163245011e-06,1.53772304656115e-05,0,6.86095005055572e-08,0,7.74910945621025e-06
12127,0,0,0,0,0,0,0.0204944920007306,0,0,0.000368950500699996,0,0,0,0,0,0,0,0,0,0
12129,0,2.84576612547462e-05,1.0155973454133e-05,0,6.2978709686482e-06,0,1.52763639831144e-06,0.000348923180838127,3.44484312288651e-06,0,0,0,0,4.23351210581302e-05,0,5.78702583779947e-07,0,0,0,4.15026955847701e-07
12131,0,0,0,0,0,0,0,0,0,0,0,0,0,0,0,0,0,0,0,0
12133,0,0,0,0,0,0,0,0,0,0,0,0,0,0,0,0,0,0,0,0
13001,0,0,0,0,0,0,0,0,0,0,0,0,0,0,0,0,0,0,0,0
13003,0,0,0,0,0,0,0,0,0,0,0,0,0,0,0,0,0,0,0,0
13005,0,0,0,0,0,0,0,0,0,0,0,0,0,0,0,0,0,0,0,0
13007,0,0,0,0,0,0,0,0,0,0,0,0,0,0,9.80308000217491e-08,0,0,0,0,3.11251883441574e-08
13009,0,0,0,0,0,0,0,0,0,0,0,0,0,0,0,0,0,0,0,0
13011,0,0,0,0,0,0,0,0,0,0,0,0,0,0,0,0,0,0,0,0
13013,0,0,0,0,0,0,0,0,0,0,0,0,0,0,0,0,0,0,0,0
13015,0,0,0,0,0,0,0,0,0,0,0,0,0,0,0,0,0,0,0,0
13017,0,5.79441805775149e-06,4.69789312781875e-06,6.35876995553215e-07,6.03394490275027e-07,1.68441042139589e-07,1.48303655374593e-06,5.77554186310392e-06,3.43521189437993e-06,0,2.64944897477866e-10,6.44323745002831e-10,0,1.21050331780662e-06,4.50565426838903e-07,4.60373952574169e-06,0,2.02627121904981e-09,0,7.28951447947964e-08
13019,0,0,0,0,0,0,0,0,0,0,0,0,0,0,0,0,0,0,0,0
13021,0,0,0,1.00808989795333e-10,1.11596217166184e-10,0,0,0,0,0,0,1.44748467338697e-07,0,0,0,0,0,0,0,0
13023,0,0,0,0,0,0,0,0,0,0,0,0,0,0,0,0,0,0,0,0
13025,0,0,0,0,0,0,0,0,0,0,0,0,0,0,0,0,0,0,0,0
13027,0,0,0,0,0,0,0,0,0,0,0,0,0,0,0,0,0,0,0,0
13029,0,0,0,0,0,0,0,0,0,0,0,0,0,0,0,0,0,0,0,0
13031,0,2.93600873353131e-08,1.88830924957929e-07,0,6.09549136602212e-10,0,8.45911556447949e-09,2.84807268094794e-07,3.27794460112591e-09,0,0,0,0,2.44482903685188e-09,0,5.2993536733762e-08,0,0,0,6.30044967477387e-10
13033,0,5.1096043486575e-05,0.00011909041497936,9.57250112912279e-06,6.13793042317994e-05,6.83297087356032e-09,1.00112868294401e-05,0.000154154275669479,3.83639377782541e-05,0,0,7.55116388634966e-09,0,0.000118020299247008,2.28308772535091e-05,1.4424370055386e-05,0,2.0626108288031e-07,0,1.55415539698017e-05
13035,0,0,0,0,0,0,0,0,0,0,0,0,0,0,0,0,0,0,0,0
13037,0,0,0,0,0,0,0,0,0,0,0,0,0,0,0,0,0,0,0,0
13039,0,0,0,0,0,0,0,0,0,0,0,0,0,0,0,0,0,0,0,0
13043,0,0,0,0,0,2.40322494853148e-11,0,0,0,0,0,0,0,0,0,0,0,0,0,0
13045,0,0,0,0,0,0,0,0,0,0,0,0,0,0,0,0,0,0,0,0
13047,0,0,0,0,0,0,0,0,0,0,0,0,0,0,0,0,0,0,0,0
13049,0,0,0,0,0,0,0,0,0,0,0,0,0,0,0,0,0,0,0,0
13051,0,1.19435900141097e-06,1.56577532186232e-05,0,1.81873821965717e-07,0,2.41915409065115e-06,1.66606032659017e-05,3.7506091631402e-07,0,0,0,0,0,0,4.72163288892396e-06,0,0,0,0
13053,0,0,0,0,0,0,0,0,0,0,0,0,0,0,0,0,0,0,0,0
13055,0,0,0,0,0,0,0,0,0,0,0,0,0,0,0,0,0,0,0,0
13057,0,0,0,0,0,0,0,0,0,0,0,0,0,0,0,0,0,0,0,0
13059,0,0,0,0,0,0,0,0,0,0,0,0,0,0,0,0,0,0,0,0
13061,0,0,0,0,0,0,0,0,0,0,0,0,0,0,0,0,0,0,0,0
13063,0,0,0,0,0,0,0,0,0,0,0,0,0,0,0,0,0,0,0,0
13065,0,0,0,0,0,0,0,7.77006084715228e-05,0,0,0,0,0,0,0,0,0,0,0,0
13067,0,0,0,0,0,0,0,0,0,0,0,0,0,0,0,0,0,0,0,0
13069,0,0.00042452542067567,0.00303589077347397,4.99533512617574e-05,8.7434806082158e-06,0,0.000404042644345524,0.000878304232837329,0.0018550893992163,0,1.42477826402005e-06,0,0,8.3997457714447e-05,8.46661194826846e-06,0.000378224823228845,0,0,0,5.12557860095843e-07
13071,0,0,0,0,0,0,0,0,0,0,0,0,0,0,0,0,0,0,0,0
13073,0,2.39225432864917e-06,2.2947079049827e-06,0,1.14069490296839e-07,0,4.00171478249206e-06,8.13274842408548e-05,4.97162028171027e-07,0,0,0,0,1.55742526789891e-07,2.33102269874287e-07,7.78664733455621e-06,0,0,0,7.87515725042162e-08
13075,0,0,0,0,0,0,0,0,0,0,0,0,0,0,0,0,0,0,0,0
13077,0,0,0,0,0,0,0,0,0,0,0,0,0,0,0,0,0,0,0,0
13079,2.79191713212724e-09,2.66420244715593e-07,4.26775193455971e-07,1.32118719555388e-07,1.38282815097015e-07,1.70293117601932e-08,1.0863511281463e-05,4.0830758210339e-06,4.22026630810445e-08,0,0,3.07610220811914e-08,0,6.16435314245217e-08,1.70938213467776e-07,1.41387018659573e-06,0,0,0,9.34046335795084e-07
13081,0,0,0,0,0,0,0,0,0,0,0,0,0,0,0,0,0,0,0,0
13083,0,0,0,0,0,0,0,0,0,0,0,0,0,0,0,0,0,0,0,0
13085,0,0,0,0,0,0,0,0,0,0,0,0,0,0,0,0,0,0,0,0
13087,0,0,0,6.4820167226964e-07,7.03949134021462e-07,0,0,0,0,0,0,0,0,9.49523593103591e-07,0,0,0,0,0,0
13089,0,0,0,0,0,0,0,0,0,0,0,0,0,0,0,0,0,0,0,0
13091,0,4.04218980407242e-06,4.29032540264703e-06,1.71373880633293e-07,1.21891449461184e-06,0,8.35188083053748e-07,2.22660190596008e-06,1.22567027014397e-06,0,0,1.3542644042431e-08,0,7.5756620924919e-07,7.16351752264568e-08,1.08768201748185e-06,0,8.87328822843688e-09,0,2.90455817999019e-08
13093,0,0,0,0,0,0,0,0,0,0,0,0,0,0,0,0,0,0,0,0
13095,0,0,0,0,0,0,0,0,0,0,0,0,0,0,0,0,0,0,0,0
13097,0,0,0,0,0,0,0,0,0,0,0,0,0,0,0,0,0,0,0,0
13099,0,7.70639680400052e-06,0.00019192967221164,8.60358796896233e-07,8.71242166319402e-05,2.51943496550146e-07,1.20426322070586e-06,2.20408853312206e-05,7.08722520699394e-05,0,0,0,0,5.79326243808213e-07,4.44178940885553e-07,7.01811627829971e-06,0,0,0,5.64530493693287e-06
13101,0,0,0,0,0,0,2.93520707026147e-08,0,0,0,0,0,0,0,0,0,0,0,0,0
13103,0,5.66613019068781e-06,1.18156383098755e-05,1.82108763145411e-08,5.34555547736637e-08,0,8.14489998835257e-07,3.37633657262691e-05,3.15279409474176e-07,0,4.84367940697258e-09,0,0,5.77437847850272e-07,3.36696498582185e-08,8.03846636222616e-06,0,0,0,6.01137614963863e-08
13105,0,0,0,0,0,0,0,0,0,0,0,0,0,0,0,0,0,0,0,0
13107,0,0,0,0,0,0,0,0,0,0,0,0,0,0,0,0,0,0,0,0
13109,0,0,0,0,0,0,0,0,0,0,0,0,0,0,0,0,0,0,0,0
13111,0,0,0,0,0,0,0,0,0,0,0,0,0,0,0,0,0,0,0,0
13113,0,0,0,0,0,0,0,0,0,0,0,0,0,0,0,0,0,0,0,0
13115,0,0,0,0,0,0,0,0,0,0,0,0,0,0,0,0,0,3.54167490969061e-09,0,0
13117,0,0,0,0,0,0,0,0,0,0,0,0,0,0,0,0,0,0,0,0
13119,0,0,0,0,0,0,0,0,0,0,0,0,0,0,0,0,0,0,0,0
13121,0,0,0,0,0,0,0,0,0,0,0,0,0,0,0,0,0,0,0,0
13123,0,0,0,0,0,0,0,0,0,0,0,0,0,0,0,0,0,0,0,0
13125,0,0,0,0,0,0,0,0,0,0,0,0,0,0,0,0,0,0,0,0
13127,0,0,0,0,0,0,0,0,0,0,0,0,0,0,0,0,0,0,0,0
13129,0,0,0,0,0,0,0,0,0,0,0,0,0,0,0,0,0,0,0,0
13131,0,0,0,0,0,0,0,0,0,0,0,0,0,0,0,0,0,0,0,0
13133,0,0,0,0,0,0,0,0,0,0,0,0,0,0,0,0,0,0,0,0
13135,0,0,0,0,0,0,0,0,0,0,0,0,0,0,0,0,0,0,0,0
13137,0,0,0,0,0,0,0,0,0,0,0,0,0,0,0,0,0,0,0,0
13139,0,0,0,0,0,0,0,0,0,0,0,0,0,0,0,0,0,0,0,0
13141,0,0,0,0,0,0,0,0,0,0,0,1.20815285040295e-07,0,0,0,0,0,0,0,0
13143,0,0,0,0,0,0,0,0,0,0,0,0,0,0,0,0,0,0,0,0
13145,0,0,0,0,0,0,0,0,0,0,0,0,0,0,0,0,0,0,0,0
13147,0,0,0,0,0,0,0,0,0,0,0,0,0,0,0,0,0,0,0,0
13149,0,0,0,0,0,0,0,0,0,0,0,0,0,0,0,0,0,0,0,0
13151,0,0,0,0,0,0,0,0,0,0,0,0,0,0,0,0,0,0,0,0
13153,0,1.6348159845674e-07,2.47307302802349e-07,6.99450016037524e-10,4.28827118372375e-09,4.39363960909159e-08,3.5245720332299e-08,2.14245835658261e-07,1.78394469097166e-07,0,7.60869376735926e-10,2.09860664521948e-09,0,3.42460690582577e-09,1.22688468496714e-09,8.93607670033092e-08,0,7.64230935422075e-10,0,3.98006786164122e-08
13155,0,0,0,0,0,0,0,0,0,0,0,0,0,0,0,0,0,0,0,0
13157,0,0,0,0,0,0,0,0,0,0,0,0,0,0,0,0,0,0,0,0
13159,0,0,0,0,0,0,0,0,0,0,0,0,0,0,0,0,0,0,0,0
13161,0,3.30265694138283e-06,1.27844842044859e-05,6.60846285578243e-08,1.25631049561334e-07,6.60640227648177e-09,2.21365163067278e-06,2.78236190583101e-06,3.36787736183757e-06,0,0,0,0,1.60820925010816e-07,1.58656474515384e-07,6.26245048347275e-06,0,0,0,1.41130809851839e-08
13163,8.9128089018983e-08,5.68405988691305e-06,5.62608207573155e-05,6.96022093874487e-06,1.91784418608095e-06,7.67366459914504e-07,6.02730987709917e-05,1.15928030937408e-05,7.6716472376801e-05,0,0,9.48212946479626e-07,0,6.09963925718307e-06,5.34176516345584e-06,1.94045811670364e-06,0,0,3.75102803975952e-07,2.10356499470654e-05
13165,0,0,0,0,0,0,0,0,0,0,0,0,0,0,0,0,0,2.25258999018398e-08,0,0
13167,0,0,0,2.45762285952841e-07,0,6.88450905464711e-09,0,0,0,0,0,1.23270091302657e-08,0,0,0,0,0,0,0,0
13169,0,0,0,0,0,0,0,0,0,0,0,0,0,0,0,0,0,0,0,0
13171,0,0,0,0,0,0,0,0,0,0,0,0,0,0,0,0,0,0,0,0
13173,0,0,0,0,0,0,0,0,0,0,0,0,0,0,0,0,0,0,0,0
13175,0,1.91334099740259e-08,1.08615443649802e-07,9.5795396083521e-07,2.23472490416716e-07,2.15608348259589e-08,4.03371959851942e-08,2.12930259608975e-07,3.33694918941178e-06,0,0,7.30750290318084e-09,0,3.88457973464946e-07,1.80171236770069e-07,1.05775355978651e-07,0,0,0,1.27971043073962e-08
13177,0,0,0,0,0,0,0,0,0,0,0,0,0,0,0,0,0,0,0,0
13179,0,0,0,0,0,0,0,0,0,0,0,0,0,0,0,0,0,0,0,0
13181,0,0,0,0,0,0,0,0,0,0,0,0,0,0,0,0,0,0,0,0
13183,0,0,0,0,0,0,0,0,0,0,0,0,0,0,0,0,0,0,0,0
13185,0,0,0,0,0,0,0,0,0,0,0,0,0,0,0,0,0,0,0,0
13187,0,0,0,0,0,0,0,0,0,0,0,0,0,0,0,0,0,0,0,0
13189,0,3.07270104110921e-06,6.95077391620675e-06,4.14027663482771e-08,6.9410134587233e-07,0,8.24346477854149e-06,0.00016448683780082,6.05551211051947e-07,0,0,3.37640980782288e-08,0,5.31179622809063e-06,3.23232389925213e-07,1.91957547419983e-06,0,0,0,2.11200261004579e-06
13191,0,0,0,0,0,0,0,0,0,0,0,0,0,0,0,0,0,0,0,0
13193,0,1.42507392738655e-08,5.97630990260507e-08,2.98575764975266e-09,4.95315978908576e-09,0,1.66690523379125e-06,1.71754150939627e-07,1.88096328122344e-09,0,3.23770896143973e-09,1.78222163904351e-09,0,0,0,1.11399223865609e-07,0,1.71009017683137e-08,0,1.17649549939355e-08
13195,0,0,0,0,0,0,0,0,0,0,0,0,0,0,0,0,0,0,0,0
13197,0,0,0,0,0,0,0,0,0,0,0,0,0,0,0,0,0,0,0,0
13199,0,0,0,0,0,0,0,0,0,0,0,0,0,0,0,0,0,0,0,0
13201,0,0,0,0,0,0,0,0,0,0,0,0,0,0,0,0,0,0,0,0
13205,0,0,0,0,0,0,0,0,0,0,0,0,0,0,0,0,0,0,0,0
13207,0,0,0,0,0,0,0,0,0,0,0,0,0,0,0,0,0,0,0,0
13209,0,0,0,2.66060549634002e-08,7.72462606550434e-08,3.99330867249564e-08,0,0,0,0,1.23249808226762e-09,0,0,0,0,0,0,0,0,0
13211,0,0,0,0,0,0,0,0,0,0,0,0,0,0,0,0,0,0,0,0
13213,0,0,0,0,0,0,0,0,0,0,0,0,0,0,0,0,0,0,0,0
13215,0,0,0,0,0,0,0,0,0,0,0,0,0,0,0,0,0,0,0,0
13217,0,0,0,0,0,0,0,0,0,0,0,0,0,0,0,0,0,0,0,0
13219,0,0,0,0,0,0,0,0,0,0,0,0,0,0,0,0,0,0,0,0
13221,0,0,0,0,0,0,0,0,0,0,0,0,0,0,0,0,0,0,0,0
13223,0,0,0,0,0,0,0,0,0,0,0,0,0,0,0,0,0,0,0,0
13225,0,1.02342924367673e-09,6.22120552130141e-09,2.58244373756757e-10,3.30756883664163e-10,0,1.78057587690989e-07,1.02703205055285e-08,2.22710046909696e-10,0,0,4.34085435543888e-09,0,0,0,9.09747506805913e-09,0,0,0,1.29327453038303e-09
13227,0,0,0,0,0,0,0,0,0,0,0,0,0,0,0,0,0,0,0,0
13229,0,0,0,0,0,0,0,0,0,0,0,0,0,0,0,0,0,0,0,0
13231,0,0,0,0,0,0,0,0,0,0,0,0,0,0,0,0,0,0,0,0
13233,0,0,0,0,0,0,0,0,0,0,0,0,0,0,0,0,0,0,0,0
13235,0,0,0,0,0,0,0,0,0,0,0,0,0,0,0,0,0,0,0,0
13237,0,0,0,0,0,0,0,0,0,0,0,0,0,0,0,0,0,0,0,0
13239,0,0,0,0,0,0,0,0,0,0,0,0,0,0,0,0,0,0,0,0
13241,0,0,0,0,0,0,0,0,0,0,0,0,0,0,0,0,0,0,0,0
13243,0,0,0,0,0,0,0,0,0,0,0,0,0,0,0,0,0,0,0,0
13245,4.76084351536666e-13,1.13391616745782e-06,6.75846791895583e-07,3.76247845376799e-08,3.94312373349747e-07,3.73263121987118e-12,1.02844203287609e-07,2.25005736761198e-06,1.28812478340661e-07,0,0,0,0,1.40861100450332e-07,2.30915155197416e-08,2.80907704838761e-06,0,2.044220969104e-10,0,2.13488408232626e-07
13247,0,0,0,0,0,0,0,0,0,0,0,0,0,0,0,0,0,0,0,0
13249,0,0,0,0,0,0,0,0,0,0,0,0,0,0,0,0,0,0,0,0
13251,0,0,0,0,0,0,0,0,0,0,0,0,0,0,0,0,0,2.87149972417467e-09,0,0
13253,0,0,0,0,0,0,0,0,0,0,0,0,0,0,0,0,0,0,0,0
13255,0,0,0,0,0,0,0,0,0,0,0,0,0,0,0,0,0,0,0,0
13257,0,0,0,0,0,0,0,0,0,0,0,0,0,0,0,0,0,0,0,0
13259,0,0,0,0,0,0,0,0,0,0,0,0,0,0,0,0,0,0,0,0
13261,0,0,0,0,0,0,0,0,0,0,0,0,0,0,0,0,0,0,0,0
13263,0,0,0,0,0,0,0,0,0,0,0,0,0,0,0,0,0,0,0,0
13265,0,0,0,0,0,0,0,0,0,0,0,0,0,0,0,0,0,0,0,0
13267,0,0,0,5.21128362282055e-08,2.12284340426016e-09,0,0,0,0,0,0,0,0,1.18703136249279e-07,0,0,0,0,3.19040439097823e-08,0
13269,0,6.43451188745264e-10,1.70701404130427e-09,3.13542766739473e-10,1.34575426953153e-09,7.57427663524878e-11,4.26384284326288e-08,1.21626063862469e-08,1.16885120189706e-10,0,0,1.47053339166235e-08,0,5.28497961597831e-10,2.17341648842898e-10,4.15854873157835e-09,0,0,0,9.39236315981094e-10
13271,0,6.99932797459427e-05,0.000180909329426478,2.59653556470453e-06,4.88690783073041e-06,1.92599836790359e-06,4.34155565714573e-05,4.23206039938082e-05,4.92692246991625e-05,0,3.43323975584601e-09,4.22467106409933e-09,0,3.64021992582172e-06,2.63110333923243e-06,9.8009938700488e-05,0,1.89356616796147e-07,0,7.62504844099361e-07
13273,0,0,0,0,0,0,0,0,0,0,0,0,0,0,0,0,0,0,0,0
13275,0,0,0,0,0,0,0,0,0,0,0,0,0,0,0,0,0,0,0,0
13277,0,0,0,0,0,0,0,0,0,0,0,0,0,0,0,0,0,0,0,0
13279,0,0,0,1.76150052472772e-08,1.56293250213022e-08,1.75120707095035e-08,0,0,0,0,7.44167861592174e-10,0,0,0,0,0,0,0,0,0
13281,0,0,0,0,0,0,0,0,0,0,0,0,0,0,0,0,0,0,0,0
13283,0,0,0,4.07876834255679e-08,5.03199682502021e-08,0,0,0,0,0,0,0,0,0,0,0,0,0,0,0
13285,0,0,0,0,0,0,0,0,0,0,0,0,0,0,0,0,0,0,0,0
13287,0,0,0,0,0,0,0,0,0,0,0,0,0,0,0,0,0,0,0,0
13289,0,1.55279023913963e-07,6.64084762755278e-07,1.02490807163737e-08,1.50841166424026e-07,4.20634383276565e-08,1.90463137137236e-06,8.58256817559507e-06,2.69516803249583e-06,0,0,2.27157001752277e-08,0,2.965807589312e-07,2.88052817812405e-08,2.49964081492403e-06,0,0,0,2.41512714012527e-07
13291,0,0,0,0,0,0,0,0,0,0,0,0,0,0,0,0,0,0,0,0
13293,0,0,0,0,0,0,0,0,0,0,0,0,0,0,0,0,0,0,0,0
13295,0,0,0,0,0,0,0,0,0,0,0,0,0,0,0,0,0,0,0,0
13297,0,0,0,0,0,0,0,0,0,0,0,0,0,0,0,0,0,0,0,0
13299,0,0,0,0,0,0,0,8.5774662221549e-05,0,0,0,0,0,1.87280108578702e-06,0,0,0,0,0,0
13301,0,0,0,0,0,0,0,0,0,0,0,0,0,0,0,0,0,0,0,0
13303,0,1.11497273424128e-06,4.34624249733111e-06,6.43670983861772e-07,2.03318174257773e-07,3.81555954147162e-07,5.84176883179848e-06,3.99648253415336e-07,1.15225657478726e-05,0,0,3.44719255741894e-07,0,1.06028381632476e-06,1.36462274166585e-06,2.59750218557921e-07,0,0,0,1.04858064323137e-06
13305,0,0.000432761644546829,0.00101762265870242,6.25409205996208e-07,0,0,0.000279328125439304,0.000327188272196721,0.000430318619622421,0,0,0,0,6.77605425117653e-05,0,0.000150421693959582,0,0,0,0
13307,0,0,0,0,0,0,0,0,0,0,0,0,0,0,0,0,0,0,0,0
13309,0,0,9.52364213041064e-05,5.54767644271665e-06,1.51135310064241e-05,1.55628844465504e-07,4.37699844883513e-05,0,3.74572625550443e-05,0,0,0,0,1.3482157164325e-06,8.75014861412337e-07,0.000159048301461763,0,1.01867723798842e-07,0,2.15571936172913e-06
13311,0,0,0,0,0,0,0,0,0,0,0,0,0,0,0,0,0,0,0,0
13313,0,0,0,0,0,0,0,0,0,0,0,0,0,0,0,0,0,0,0,0
13315,0,0.000206122431637742,0.000231799770137242,9.46634274121728e-06,6.95800558122839e-06,0,7.18204387456803e-05,0.000177232133007547,0.000104830862604483,0,0,6.01831329675497e-09,0,2.5884137200124e-05,7.13771745042008e-06,4.9124214707027e-05,0,2.40064903138208e-08,0,3.25005033508428e-06
13317,0,1.08653567703575e-06,1.84107743102623e-06,0,0,0,4.96891093479913e-07,6.01645447048436e-05,2.17011417769062e-08,0,0,0,0,2.05945563890998e-07,0,1.86965840997483e-06,0,0,0,2.28158715407685e-06
13319,0,8.66041285542373e-08,4.52685991104646e-07,2.32826681889351e-07,6.70705735286542e-08,1.52269231758137e-08,1.71292277162738e-07,1.2436950587462e-06,7.22323734902972e-07,0,0,2.69757670781932e-09,0,7.54451943597423e-08,2.4187598953552e-08,3.88398706642107e-07,0,0,0,7.9713683519286e-08
13321,0,0,0,1.69685411398884e-07,0,0,0,0,0,0,0,0,0,0,0,0,0,0,0,0
16001,0.00128793685670397,0.0107047925202533,0,0,0.000222813437566451,0.00041989162984361,0.00322572349805112,0.0204990373786919,0,0.000125787959007271,0.0011567452510461,0,0,6.20035804023026e-07,1.31820275501767e-05,0,0.00265752445230417,0,0,0.00834402565098739
16003,2.52268648555746e-06,1.48203807507987e-07,0,0,0,2.05388309822023e-06,2.60039184289491e-07,0.00094332026829987,0,1.51186671060962e-09,3.92888547386515e-08,0,0,0,0,0,0,0,0,5.27888127913908e-06
16005,1.40743966938916e-05,7.35823689444977e-05,0,0,4.95303271028475e-08,9.50506049253433e-06,1.54466000667551e-05,0.00124848512328014,0,0,0,0,0,0,0,0,0,0,0,0.00117515915213044
16007,0.000320308487922718,2.53175464939398e-10,0,0,7.33584338361958e-05,0,0,0.00264223360781951,0,0,0,0,0,0,0,0,0,0,0,0
16009,6.88871124687754e-07,0,0,0,1.13767546919412e-06,3.78656447740413e-10,1.43318736232069e-05,5.35067135751365e-05,0,0,5.21366325732059e-05,4.03835176039417e-06,0,0,0,0,0,0,0,0.000165364917535652
16011,0.00061243385680164,0.000177031720050424,0,0,0.000471397271673986,6.13739566366069e-05,1.23438748599523e-05,0.0123318953017495,0,0.00217602013492737,0,1.09023311176778e-05,0,0,0,0,0.000910428720382606,0,0,0.0131059672824201
16013,0.0221092757750108,0.00134895397393387,0,0,0.000232420966765529,0.000408551527122249,1.72025369302773e-06,0.0447173782877901,0,0.00683770924889956,5.68298267009978e-05,1.43259087314345e-06,0,0,4.96255420754136e-07,0,0.00410540712370984,0,0,0.00914091517450817
16015,1.12051384808119e-06,5.6633425953668e-07,0,0,1.46249394495548e-06,6.28792268185832e-07,2.30003477785087e-07,4.81070676019082e-05,0,3.48532154644761e-10,6.7930942331596e-08,0,0,9.55258642321413e-10,4.40696678526559e-09,0,0,0,0,3.07815494302464e-06
16017,0,0,0,0,0,0,0,0,0,0,0,0,0,0,0,0,0,0,0,0
16019,0,0,0,0,0,0,0,0,0,0,0,0,0,0,0,0,0,0,0,0
16021,0,0,0,0,0,0,0,0,0,0,0,0,0,0,0,0,0,0,0,0
16023,0.0260871280831498,0.000225683871856847,0,0,0.00163563512595538,8.098858023044e-05,6.71212882666222e-07,0.0953231237899394,0,0.0016879037441908,8.45109242896773e-06,1.40875301110602e-05,0,0,0,0,6.56700659307212e-06,0,0,0.0106606739963397
16025,0.0232183690342791,3.32892653862056e-05,0,0,0.00102985819348639,5.80125060497814e-05,5.47242525536361e-06,0.219465405241495,0,2.47601908601292e-05,1.22970438495633e-05,0,0,0,0,0,2.71027094362296e-06,0,0,0.0138694634835281
16027,0,0,0,0,0,0,0,0.0761650298255801,0,0,0,0,0,0,0,0,0,0,0,0
16029,0.000116744252161446,7.88147193967165e-08,0,0,0.000226584866292185,0,0,0.00109126178948032,0,0,0,0,0,0,0,0,0,0,0,0
16031,0.112340383111697,0.0666169131058931,0,0,0.00370950371276146,0.00396291725897618,0.000196071634635074,0.207143201032393,0,0.0343774838343389,0,0,0,0,0,0,0,0,0,0.0545210616363203
16033,0.0106793545304208,0.00124784686039756,0,0,4.77797045171803e-05,4.44499887163199e-06,4.41033737248863e-07,0.0474716543766422,0,0.00602893543664999,9.48910091956086e-06,5.7026062444694e-07,0,0,0,0,0,0,0,0.0064394869034626
16035,2.44683662277413e-05,0,0,0,2.98736863752434e-06,2.41310074434129e-06,3.96953654108378e-05,0.000225524605183849,0,0,8.87194519541086e-05,5.89318648835872e-06,0,0,0,0,0,0,0,0.000277746083258592
16037,0.000752585442371577,1.34603418348341e-05,0,0,9.61963393996556e-05,2.82486403011494e-07,7.10460722269877e-06,0.0081374741300404,0,8.59525094008201e-05,2.94265759658777e-06,1.76778057208117e-06,0,0,0,0,9.31197870671976e-07,0,0,0.000217523393395915
16039,0.00278285606154563,0.0223957905113161,0,0,0.000258268263523256,0.00309176352602619,0.00366088553098127,0.0569340411362299,0,0.00893059982543634,0.00280939774003236,0,0,0.00182086137895284,0.00109799985595334,0,0.00767091970684438,0,0,0.0188800056820454
16041,0,0,0,0,0,0,0,0,0,0,0,0,0,0,0,0,0,0,0,0
16043,0,0,0,0,0,0,0,0,0,0,0,0,0,0,0,0,0,0,0,0
16045,0.000178874726060534,0.00138080913880139,0,0,9.89028655397164e-05,0.000186345256257123,0.000348663591259185,0.00639388155983696,0,7.14761465112864e-05,5.7939810205279e-05,0,0,0,1.65676549727311e-06,0,6.817128171978e-05,0,0,0.000790557497483716
16047,0.00279461826872896,0.0574993077527298,0,0,0.000198928192811789,0.00205064077295197,0.000348466046429428,0.0522133488948049,0,0.00925810327986375,0.0022722386111576,0,0,0,0,0,0.00455307699569349,0,0,0.00745294950567273
16049,0,0,0,0,0,0,0,0,0,0,0,0,0,0,0,0,0,0,0,0
16051,0.142636592483442,0.00756377582957172,0,0,0.000673641461557526,0.000378558174393864,6.95413286728285e-05,0.170950695464505,0,0.054864891981387,0.000334452072662126,0.000275653845548005,0,0,0,0,2.24285524759565e-05,0,0,0.050052445138135
16053,0.00137064329581718,0.00792431759835926,0,0,0.00020560216163443,1.81697099076997e-06,0.000252879849689157,0.0259783141507137,0,0,0,0,0,0,0,0,0,0,0,1.68883705236927e-06
16055,4.80169634932769e-06,0,0,0,8.11512441427439e-07,1.53321198911097e-06,2.06587672523928e-05,0.000251068684518494,0,0,1.59179242944326e-05,1.30830581501465e-06,0,0,0,0,0,0,0,8.11995524036003e-05
16057,0.00632786799846456,2.60247619355242e-07,0,0,0.000121960128627326,2.25390459396657e-05,0.00109381927315441,0.014572667849369,0,0,0.0336167692650794,0.000583032848299546,0,0,0,0,0,0,0,0.0599716032471153
16059,8.71660119163425e-05,6.70773414464233e-08,0,0,3.59410272150856e-07,0,8.19439603034735e-06,0.0020615846364261,0,2.6418611719602e-06,1.36568985285451e-07,1.53800866287786e-08,0,0,0,0,9.20722076510973e-09,0,0,1.37197966982425e-05
16061,0,0,0,0,0,0,0,0,0,0,0,0,0,0,0,0,0,0,0,0
16063,0.01014014100579,0.0115299617780446,0,0,0.00136254033794871,0.000324442174490275,0.000142017258760039,0.0448611176516359,0,0.00367607995038948,0.00032823128705212,5.5084038004482e-06,0,0,0,0,0.00625668134726311,0,0,0.00195345702938794
16065,0,0,0,0,0,0,0,0,0,0,0,0,0,0,0,0,0,0,0,0
16067,0.130264327131661,0.0264073223492773,0,0,0.000741257933130306,0.000653288769714737,2.36553168683668e-05,0.118512222040693,0,0.0894266507557894,0.0113784079908223,3.21993595995915e-05,0,0,0,0,0.0785684191208764,0,0,0.0609647731377383
16069,0.000615741817213978,0,0,0,4.90465595514827e-05,2.35746473601622e-05,0.000450019421082125,0.00084033105360368,0,0,0.00341492742280073,0,0,0,0,0,0,0,0,0.0081343502265379
16071,1.82398782844829e-05,0.000258687351000095,0,0,1.7623835063843e-07,2.16210757000841e-05,0.000339754979794167,0.00350875746237689,0,4.15706668674589e-05,0,0,0,0,0,0,0,0,0,0.00206378002148176
16073,0,0,0,0,0,0,0,4.16001611294246e-06,0,0,0,0,0,0,0,0,0,0,0,0
16075,0.000803279269282332,0.00962672596724885,0,0,0.000107001887048422,0.000441803261800272,0.00650640596464957,0.0272877407215963,0,0.000804085084676906,0.0023122400586338,0,0,0,0,0,0.0028404950051099,0,0,0.00666565958076806
16077,0.00309929076744672,0.00532257232395298,0,0,0.000244961512642071,0.00160073139550272,8.66701583680338e-05,0.0347309956813728,0,0.0353472670847734,0,0.00020629098502698,0,0,0,0,0,0,0,0.042880183493701
16079,4.0585177019563e-06,0,0,0,1.04744491881984e-07,0,0,6.4321238567928e-06,0,0,1.4548783586332e-07,0,0,0,0,0,0,0,0,3.26552626599666e-06
16081,0,0,0,0,0,0,0,0,0,0,0,0,0,0,0,0,0,0,0,0
16083,0.0407944849020414,0.0326293929956356,0,0,0.00254080924095065,0.00339308705334772,0.00214382420309358,0.152751164381226,0,0.026653174641129,0,0,0,0,0,0,0.0187442430072113,0,0,0.011785001592404
16085,0,0,0,0,0,0,0,0,0,0,0,0,0,0,0,0,0,0,0,0
16087,3.29462165282888e-05,5.43415721303552e-06,0,0,0,3.11364351391288e-05,0.000244233004700399,0.00357807380336766,0,6.27601982214843e-07,5.61851625587652e-06,0,0,0,0,0,0,0,0,0.0140598770637432
17001,0,0,0,0,0,0,0,0,0,0,0,0,0,0,0,0,0,0,0,0
17003,0,0,0,0,0,0,0,0,0,0,0,0,2.5479950416189e-08,0,0,0,0,0,0,0
17005,0,0,0,0,0,0,0,0,0,0,0,0,0,0,0,0,0,0,0,0
17007,0,0,0,0,0,0,0,0,0,0,0,0,0,0,0,0,0,0,0,0
17009,0,0,0,0,0,0,0,0,0,0,0,0,0,0,0,0,0,0,0,0
17011,0,0,0,0,0,0,0,0,0,0,0,0,0,0,0,0,0,0,0,0
17013,0,0,0,0,0,0,0,0,0,0,0,0,0,0,0,0,0,0,0,0
17015,0,0,0,0,0,0,0,0,0,0,0,0,0,0,0,0,0,0,0,0
17017,0,0,0,0,0,0,0,0,0,0,0,0,0,0,0,0,0,0,0,0
17019,0,0,0,0,0,0,0,0,0,0,0,0,0,0,0,0,0,0,0,0
17021,0,0,0,0,0,0,0,0,0,0,0,0,0,0,0,0,0,0,0,0
17023,0,0,0,0,0,0,0,0,0,0,0,0,0,0,0,0,0,0,0,0
17025,0,0,0,0,0,0,0,0,0,0,0,0,0,0,0,0,0,0,0,0
17027,0,2.03667620003661e-05,0,0,0,7.39106956027602e-09,7.86046070453556e-08,6.826664836833e-07,0,0,0,0,0,0,3.59543590686273e-09,2.1925359809342e-05,0,0,0,9.93057962141947e-07
17029,0,0,0,0,0,0,0,0,0,0,0,0,0,0,0,0,0,0,0,0
17031,0,0,0,0,0,0,0,0,0,0,0,0,0,0,0,0,0,0,0,0
17033,0,0,0,0,0,0,0,0,0,0,0,0,0,0,0,0,0,0,0,0
17035,0,0,0,0,0,0,0,0,0,0,0,0,0,0,0,0,0,0,0,0
17037,0,0,0,0,0,0,0,0,0,0,0,0,0,0,0,0,0,0,0,0
17039,0,0,0,0,0,0,0,0,0,0,0,0,0,0,0,0,0,0,0,0
17041,0,0,0,0,0,0,0,0,0,0,0,0,0,0,0,0,0,0,0,0
17043,0,0,0,0,0,0,0,0,0,0,0,0,0,0,0,0,0,0,0,0
17045,0,0,0,0,0,0,0,0,0,0,0,0,0,0,0,0,0,0,0,0
17047,0,0,0,0,0,0,0,0,0,0,0,0,0,0,0,0,0,0,0,0
17049,0,0,0,0,0,0,0,0,0,0,0,0,0,0,0,0,0,0,0,0
17051,0,0,0,0,0,0,0,0,0,0,0,0,0,0,0,0,0,0,0,0
17053,0,0,0,0,0,0,0,0,0,0,0,0,0,0,0,0,0,0,0,0
17055,0,0,0,0,0,0,0,0,0,0,0,0,0,0,0,0,0,0,0,0
17057,0,0,0,0,0,0,0,0,0,0,0,0,0,0,0,0,0,0,0,0
17059,0,0,0,0,0,0,0,0,0,0,0,0,0,0,0,0,0,0,0,0
17061,0,0,0,0,0,0,0,0,0,0,0,0,0,0,0,0,0,0,0,0
17063,0,0,0,0,0,0,0,0,0,0,0,0,0,0,0,0,0,0,0,0
17065,0,0,0,0,0,0,0,0,0,0,0,2.3748986386501e-11,0,0,0,0,0,0,0,0
17067,0,0,0,0,0,0,0,0,0,0,0,0,0,0,0,0,0,0,0,0
17069,0,0,0,0,0,0,0,0,0,0,0,0,0,0,0,0,0,0,0,0
17071,0,0,0,0,0,0,0,0,0,0,0,0,0,0,0,0,0,0,0,0
17073,0,0,0,0,0,0,0,0,0,0,0,0,0,0,0,0,0,0,0,0
17075,0,0,0,0,0,0,0,0,0,0,0,0,0,0,0,0,0,0,0,0
17077,0,0,0,0,0,0,0,0,0,0,0,0,1.92801816168206e-09,0,0,0,0,0,0,0
17079,0,0,0,0,0,0,0,0,0,0,0,0,0,0,0,0,0,0,0,0
17081,0,0,0,0,0,0,0,0,0,0,0,0,0,0,0,0,0,0,0,0
17083,0,0,0,0,0,0,0,0,0,0,0,0,0,0,0,0,0,0,0,0
17085,0,0,0,0,0,0,0,0,0,0,0,0,0,0,0,0,0,0,0,0
17087,0,0,0,0,0,0,0,0,0,0,0,0,0,0,0,0,0,0,0,0
17089,0,0,0,0,0,0,0,0,0,0,0,0,0,0,0,0,0,0,0,0
17091,0,0,0,0,0,0,0,0,0,0,0,0,0,0,0,0,0,0,0,0
17093,0,0,0,0,0,0,0,0,0,0,0,0,0,0,0,0,0,0,0,0
17095,0,0,0,0,0,0,0,0,0,0,0,0,0,0,0,0,0,0,0,0
17097,0,0,0,0,0,0,0,0,0,0,0,0,0,0,0,0,0,0,0,0
17099,0,0,0,0,0,0,0,0,0,0,0,0,0,0,0,0,0,0,0,0
17101,0,0,0,0,0,0,0,0,0,0,0,0,0,0,0,0,0,0,0,0
17103,0,0,0,0,0,0,0,0,0,0,0,0,0,0,0,0,0,0,0,0
17105,0,0,0,0,0,0,0,0,0,0,0,0,0,0,0,0,0,0,0,0
17107,0,0,0,0,0,0,0,0,0,0,0,0,0,0,0,0,0,0,0,0
17109,0,0,0,0,0,0,0,0,0,0,0,0,0,0,0,0,0,0,0,0
17111,0,0,0,0,0,0,0,0,0,0,0,0,0,0,0,0,0,0,0,0
17113,0,0,0,0,0,0,0,0,0,0,0,0,0,0,0,0,0,0,0,0
17115,0,0,0,0,0,0,0,0,0,0,0,0,0,0,0,0,0,0,0,0
17117,0,0,0,0,0,0,0,0,0,0,0,0,0,0,0,0,0,0,0,0
17119,0,0,0,0,0,0,0,0,0,0,0,0,1.57411925666923e-12,0,0,0,0,0,0,0
17121,0,0,0,0,0,0,0,0,0,0,0,0,0,0,0,0,0,0,0,0
17123,0,0,0,0,0,0,0,0,0,0,0,0,0,0,0,0,0,0,0,0
17125,0,0,0,0,0,0,0,0,0,0,0,0,0,0,0,0,0,0,0,0
17127,0,0,0,0,0,0,0,0,0,0,0,0,0,0,0,0,0,0,0,0
17129,0,0,0,0,0,0,0,0,0,0,0,0,0,0,0,0,0,0,0,0
17131,0,0,0,0,0,0,0,0,0,0,0,0,0,0,0,0,0,0,0,0
17133,0,5.69585345911758e-09,0,0,0,0,1.07706342194504e-11,1.23230564095943e-11,0,0,0,0,0,0,6.64768955654683e-11,1.22335270419426e-08,0,0,0,8.16625320965216e-10
17135,0,0,0,0,0,0,0,0,0,0,0,0,0,0,0,0,0,0,0,0
17137,0,0,0,0,0,0,0,0,0,0,0,0,0,0,0,0,0,0,0,0
17139,0,0,0,0,0,0,0,0,0,0,0,0,0,0,0,0,0,0,0,0
17141,0,0,0,0,0,0,0,0,0,0,0,0,0,0,0,0,0,0,0,0
17143,0,0,0,0,0,0,0,0,0,0,0,0,0,0,0,0,0,0,0,0
17145,0,0,0,0,0,0,0,0,0,0,0,0,0,0,0,0,0,0,0,0
17147,0,0,0,0,0,0,0,0,0,0,0,0,0,0,0,0,0,0,0,0
17149,0,0,0,0,0,0,0,0,0,0,0,0,0,0,0,0,0,0,0,0
17151,0,0,0,0,0,0,0,0,0,0,0,0,0,0,0,0,0,0,0,0
17153,0,0,0,0,0,0,0,0,0,0,0,0,0,0,0,0,0,0,0,0
17155,0,0,0,0,0,0,0,0,0,0,0,0,0,0,0,0,0,0,0,0
17157,0,0,0,0,0,0,0,0,0,0,0,0,0,0,0,0,0,0,0,0
17159,0,0,0,0,0,0,0,0,0,0,0,0,0,0,0,0,0,0,0,0
17161,0,0,0,0,0,0,0,0,0,0,0,0,0,0,0,0,0,0,0,0
17163,0,0,0,0,0,0,0,0,0,0,0,0,0,0,0,0,0,0,0,0
17165,0,0,0,0,0,0,0,0,0,0,0,0,0,0,0,0,0,0,0,0
17167,0,0,0,0,0,0,0,0,0,0,0,0,0,0,0,0,0,0,0,0
17169,0,0,0,0,0,0,0,0,0,0,0,0,0,0,0,0,0,0,0,0
17171,0,0,0,0,0,0,0,0,0,0,0,0,0,0,0,0,0,0,0,0
17173,0,0,0,0,0,0,0,0,0,0,0,0,0,0,0,0,0,0,0,0
17175,0,0,0,0,0,0,0,0,0,0,0,0,0,0,0,0,0,0,0,0
17177,0,0,0,0,0,0,0,0,0,0,0,0,0,0,0,0,0,0,0,0
17179,0,0,0,0,0,0,0,0,0,0,0,0,0,0,0,0,0,0,0,0
17181,0,0,0,0,0,0,0,0,0,0,0,0,1.66154454924654e-08,0,0,0,0,0,0,0
17183,0,0,0,0,0,0,0,0,0,0,0,0,0,0,0,0,0,0,0,0
17185,0,0,0,0,0,0,0,0,0,0,0,0,0,0,0,0,0,0,0,0
17187,0,0,0,0,0,0,0,0,0,0,0,0,0,0,0,0,0,0,0,0
17189,0,0,0,0,0,0,0,0,0,0,0,0,0,0,0,0,0,0,0,0
17191,0,0,0,0,0,0,0,0,0,0,0,0,0,0,0,0,0,0,0,0
17193,0,0,0,0,0,0,0,0,0,0,0,0,0,0,0,0,0,0,0,0
17195,0,0,0,0,0,0,0,0,0,0,0,0,0,0,0,0,0,0,0,0
17197,0,0,0,0,0,0,0,0,0,0,0,0,0,0,0,0,0,0,0,0
17199,0,0,0,0,0,0,0,0,0,0,0,0,0,0,0,0,0,0,0,0
17201,0,0,0,0,0,0,0,0,0,0,0,0,0,0,0,0,0,0,0,0
17203,0,0,0,0,0,0,0,0,0,0,0,0,0,0,0,0,0,0,0,0
18001,0,0,0,0,0,0,0,0,0,0,0,0,0,0,0,0,0,0,0,0
18003,0,0,0,0,0,0,0,0,0,0,0,0,0,0,0,0,0,0,0,0
18005,0,0,0,0,0,0,0,0,0,0,0,0,0,0,0,0,0,0,0,0
18007,0,0,0,0,0,0,0,0,0,0,0,0,0,0,0,0,0,0,0,0
18009,0,0,0,0,0,0,0,0,0,0,0,0,0,0,0,0,0,0,0,0
18011,0,0,0,0,0,0,0,0,0,0,0,0,0,0,0,0,0,0,0,0
18013,0,0,0,0,0,0,0,0,0,0,0,0,0,0,0,0,0,0,0,0
18015,0,0,0,0,0,0,0,0,0,0,0,0,0,0,0,0,0,0,0,0
18017,0,0,0,0,0,0,0,0,0,0,0,0,0,0,0,0,0,0,0,0
18019,0,0,0,0,0,0,0,0,0,0,0,0,0,0,0,0,0,0,0,0
18021,0,0,0,0,0,0,0,0,0,0,0,0,0,0,0,0,0,0,0,0
18023,0,0,0,0,0,0,0,0,0,0,0,0,0,0,0,0,0,0,0,0
18025,0,0,0,0,0,0,0,0,0,0,0,0,0,0,0,0,0,0,0,0
18027,0,0,0,0,0,0,0,0,0,0,0,0,0,0,0,0,0,0,0,0
18029,0,0,0,0,0,0,0,0,0,0,0,0,0,0,0,0,0,0,0,0
18031,0,0,0,0,0,0,0,0,0,0,0,0,0,0,0,0,0,0,0,0
18033,0,0,0,0,0,0,0,0,0,0,0,0,0,0,0,0,0,0,0,0
18035,0,0,0,0,0,0,0,0,0,0,0,0,0,0,0,0,0,0,0,0
18037,0,0,0,0,0,0,0,0,0,0,0,0,0,0,0,0,0,0,0,0
18039,0,0,0,0,0,0,0,0,0,0,0,0,0,0,0,0,0,0,0,0
18041,0,0,0,0,0,0,0,0,0,0,0,0,0,0,0,0,0,0,0,0
18043,0,0,0,0,0,0,0,0,0,0,0,0,0,0,0,0,0,0,0,0
18045,0,0,0,0,0,0,0,0,0,0,0,0,0,0,0,0,0,0,0,0
18047,0,0,0,0,0,0,0,0,0,0,0,0,0,0,0,0,0,0,0,0
18049,0,0,0,0,0,0,0,0,0,0,0,0,0,0,0,0,0,0,0,0
18051,0,0,0,0,0,0,0,0,0,0,0,0,0,0,0,0,0,0,0,0
18053,0,0,0,0,0,0,0,0,0,0,0,0,0,0,0,0,0,0,0,0
18055,0,0,0,0,0,0,0,0,0,0,0,0,0,0,0,0,0,0,0,0
18057,0,0,0,0,0,0,0,0,0,0,0,0,0,0,0,0,0,0,0,0
18059,0,0,0,0,0,0,0,0,0,0,0,0,0,0,0,0,0,0,0,0
18061,0,0,0,0,0,0,0,0,0,0,0,0,0,0,0,0,0,0,0,0
18063,0,0,0,0,0,0,0,0,0,0,0,0,0,0,0,0,0,0,0,0
18065,0,0,0,0,0,0,0,0,0,0,0,0,0,0,0,0,0,0,0,0
18067,0,0,0,0,0,0,0,0,0,0,0,0,0,0,0,0,0,0,0,0
18069,0,0,0,0,0,0,0,0,0,0,0,0,0,0,0,0,0,0,0,0
18071,0,0,0,0,0,0,0,0,0,0,0,0,0,0,0,0,0,0,0,0
18073,0,0,0,0,0,0,0,0,0,0,0,0,0,0,0,0,0,0,0,0
18075,0,0,0,0,0,0,0,0,0,0,0,0,0,0,0,0,0,0,0,0
18077,0,0,0,0,0,0,0,0,0,0,0,0,0,0,0,0,0,0,0,0
18079,0,0,0,0,0,0,0,0,0,0,0,0,0,0,0,0,0,0,0,0
18081,0,0,0,0,0,0,0,0,0,0,0,0,0,0,0,0,0,0,0,0
18083,0,0,0,0,0,0,0,0,0,0,0,0,0,0,0,0,0,0,0,0
18085,0,0,0,0,0,0,0,0,0,0,0,0,0,0,0,0,0,0,0,0
18087,0,0,0,0,0,0,0,0,0,0,0,0,0,0,0,0,0,0,0,0
18089,0,0,0,0,0,0,0,0,0,0,0,0,0,0,0,0,0,0,0,0
18091,0,0,0,0,0,0,0,0,0,0,0,0,0,0,0,0,0,0,0,0
18093,0,0,0,0,0,0,0,0,0,0,0,0,0,0,0,0,0,0,0,0
18095,0,0,0,0,0,0,0,0,0,0,0,0,0,0,0,0,0,0,0,0
18097,0,0,0,0,0,0,0,0,0,0,0,0,0,0,0,0,0,0,0,0
18099,0,0,0,0,0,0,0,0,0,0,0,0,0,0,0,0,0,0,0,0
18101,0,0,0,0,0,0,0,0,0,0,0,0,0,0,0,0,0,0,0,0
18103,0,0,0,0,0,0,0,0,0,0,0,0,0,0,0,0,0,0,0,0
18105,0,0,0,0,0,0,0,0,0,0,0,0,0,0,0,0,0,0,0,0
18107,0,0,0,0,0,0,0,0,0,0,0,0,0,0,0,0,0,0,0,0
18109,0,0,0,0,0,0,0,0,0,0,0,0,0,0,0,0,0,0,0,0
18111,0,0,0,0,0,0,0,0,0,0,0,0,0,0,0,0,0,0,0,0
18113,0,0,0,0,0,0,0,0,0,0,0,0,0,0,0,0,0,0,0,0
18115,0,0,0,0,0,0,0,0,0,0,0,0,0,0,0,0,0,0,0,0
18117,0,0,0,0,0,0,0,0,0,0,0,0,0,0,0,0,0,0,0,0
18119,0,0,0,0,0,0,0,0,0,0,0,0,0,0,0,0,0,0,0,0
18121,0,0,0,0,0,0,0,0,0,0,0,0,0,0,0,0,0,0,0,0
18123,0,0,0,0,0,0,0,0,0,0,0,0,0,0,0,0,0,0,0,0
18125,0,0,0,0,0,0,0,0,0,0,0,0,0,0,0,0,0,0,0,0
18127,0,0,0,0,0,0,0,0,0,0,0,0,0,0,0,0,0,0,0,0
18129,0,0,0,0,0,0,0,0,0,0,0,0,0,0,0,0,0,0,0,0
18131,0,0,0,0,0,0,0,0,0,0,0,0,0,0,0,0,0,0,0,0
18133,0,0,0,0,0,0,0,0,0,0,0,0,0,0,0,0,0,0,0,0
18135,0,0,0,0,0,0,0,0,0,0,0,0,0,0,0,0,0,0,0,0
18137,0,0,0,0,0,0,0,0,0,0,0,0,0,0,0,0,0,0,0,0
18139,0,0,0,0,0,0,0,0,0,0,0,0,0,0,0,0,0,0,0,0
18141,0,0,0,0,0,0,0,0,0,0,0,0,0,0,0,0,0,0,0,0
18143,0,0,0,0,0,0,0,0,0,0,0,0,0,0,0,0,0,0,0,0
18145,0,0,0,0,0,0,0,0,0,0,0,0,0,0,0,0,0,0,0,0
18147,0,0,0,0,0,0,0,0,0,0,0,0,0,0,0,0,0,0,0,0
18149,0,0,0,0,0,0,0,0,0,0,0,0,0,0,0,0,0,0,0,0
18151,0,0,0,0,0,0,0,0,0,0,0,0,0,0,0,0,0,0,0,0
18153,0,0,0,0,0,0,0,0,0,0,0,0,0,0,0,0,0,0,0,0
18155,0,0,0,0,0,0,0,0,0,0,0,0,0,0,0,0,0,0,0,0
18157,0,0,0,0,0,0,0,0,0,0,0,0,0,0,0,0,0,0,0,0
18159,0,0,0,0,0,0,0,0,0,0,0,0,0,0,0,0,0,0,0,0
18161,0,0,0,0,0,0,0,0,0,0,0,0,0,0,0,0,0,0,0,0
18163,0,0,0,0,0,0,0,0,0,0,0,0,0,0,0,0,0,0,0,0
18165,0,0,0,0,0,0,0,0,0,0,0,0,0,0,0,0,0,0,0,0
18167,0,0,0,0,0,0,0,0,0,0,0,0,0,0,0,0,0,0,0,0
18169,0,0,0,0,0,0,0,0,0,0,0,0,0,0,0,0,0,0,0,0
18171,0,0,0,0,0,0,0,0,0,0,0,0,0,0,0,0,0,0,0,0
18173,0,0,0,0,0,0,0,0,0,0,0,0,0,0,0,0,0,0,0,0
18175,0,0,0,0,0,0,0,0,0,0,0,0,0,0,0,0,0,0,0,0
18177,0,0,0,0,0,0,0,0,0,0,0,0,0,0,0,0,0,0,0,0
18179,0,0,0,0,0,0,0,0,0,0,0,0,0,0,0,0,0,0,0,0
18181,0,0,0,0,0,0,0,0,0,0,0,0,0,0,0,0,0,0,0,0
18183,0,0,0,0,0,0,0,0,0,0,0,0,0,0,0,0,0,0,0,0
19001,0,0,0,0,0,0,0,0,0,0,0,0,0,0,0,0,0,0,0,0
19003,0,0,0,0,0,0,0,0,0,0,0,0,0,0,0,0,0,0,0,0
19005,0,0,0,0,0,0,0,0,0,0,0,0,0,0,0,0,0,0,0,0
19007,0,0,0,0,0,0,0,0,0,0,0,0,0,0,0,0,0,0,0,0
19009,0,0,0,0,0,0,0,0,0,0,0,0,0,0,0,0,0,0,0,0
19011,0,0,0,0,0,0,0,0,0,0,0,0,0,0,0,0,0,0,0,0
19013,0,0,0,0,0,0,0,0,0,0,0,0,0,0,0,0,0,0,0,0
19015,0,0,0,0,0,0,0,0,0,0,0,0,0,0,0,0,0,0,0,0
19017,0,0,0,0,0,0,0,0,0,0,0,0,0,0,0,0,0,0,0,0
19019,0,0,0,0,0,0,0,0,0,0,0,0,0,0,0,0,0,0,0,0
19021,0,0,0,0,0,0,0,0,0,0,0,0,0,0,0,0,0,0,0,0
19023,0,0,0,0,0,0,0,0,0,0,0,0,0,0,0,0,0,0,0,0
19025,0,0,0,0,0,0,0,0,0,0,0,0,0,0,0,0,0,0,0,0
19027,0,0,0,0,0,0,0,0,0,0,0,0,0,0,0,0,0,0,0,0
19029,0,0,0,0,0,0,0,0,0,0,0,0,0,0,0,0,0,0,0,0
19031,0,0,0,0,0,0,0,0,0,0,0,0,0,0,0,0,0,0,0,0
19033,0,0,0,0,0,0,0,0,0,0,0,0,0,0,0,0,0,0,0,0
19035,0,0,0,0,0,0,0,0,0,0,0,0,0,0,0,0,0,0,0,0
19037,0,0,0,0,0,0,0,0,0,0,0,0,0,0,0,0,0,0,0,0
19039,0,0,0,0,0,0,0,0,0,0,0,0,0,0,0,0,0,0,0,0
19041,0,0,0,0,0,0,0,0,0,0,0,0,0,0,0,0,0,0,0,0
19043,0,0,0,0,0,0,0,0,0,0,0,0,0,0,0,0,0,0,0,0
19045,0,0,0,0,0,0,0,0,0,0,0,0,0,0,0,0,0,0,0,0
19047,0,0,0,0,0,0,0,0,0,0,0,0,0,0,0,0,0,0,0,0
19049,0,0,0,0,0,0,0,0,0,0,0,0,0,0,0,0,0,0,0,0
19051,0,0,0,0,0,0,0,0,0,0,0,0,0,0,0,0,0,0,0,0
19053,0,0,0,0,0,0,0,0,0,0,0,0,0,0,0,0,0,0,0,0
19055,0,0,0,0,0,0,0,0,0,0,0,0,0,0,0,0,0,0,0,0
19057,0,0,0,0,0,0,0,0,0,0,0,0,0,0,0,0,0,0,0,0
19059,0,0,0,0,0,0,0,0,0,0,0,0,0,0,0,0,0,0,0,0
19061,0,0,0,0,0,0,0,0,0,0,0,0,0,0,0,0,0,0,0,0
19063,0,0,0,0,0,0,0,0,0,0,0,0,0,0,0,0,0,0,0,0
19065,0,0,0,0,0,0,0,0,0,0,0,0,0,0,0,0,0,0,0,0
19067,0,0,0,0,0,0,0,0,0,0,0,0,0,0,0,0,0,0,0,0
19069,0,0,0,0,0,0,0,0,0,0,0,0,0,0,0,0,0,0,0,0
19071,0,0,0,0,0,0,0,0,0,0,0,0,0,0,0,0,0,0,0,0
19073,0,0,0,0,0,0,0,0,0,0,0,0,0,0,0,0,0,0,0,0
19075,0,0,0,0,0,0,0,0,0,0,0,0,0,0,0,0,0,0,0,0
19077,0,0,0,0,0,0,0,0,0,0,0,0,0,0,0,0,0,0,0,0
19079,0,0,0,0,0,0,0,0,0,0,0,0,0,0,0,0,0,0,0,0
19081,0,0,0,0,0,0,0,0,0,0,0,0,0,0,0,0,0,0,0,0
19083,0,0,0,0,0,0,0,0,0,0,0,0,0,0,0,0,0,0,0,0
19085,0,0,0,0,0,0,0,0,0,0,0,0,0,0,0,0,0,0,0,0
19087,0,0,0,0,0,0,0,0,0,0,0,0,0,0,0,0,0,0,0,0
19089,0,0,0,0,0,0,0,0,0,0,0,0,0,0,0,0,0,0,0,0
19091,0,0,0,0,0,0,0,0,0,0,0,0,0,0,0,0,0,0,0,0
19093,0,0,0,0,0,0,0,0,0,0,0,0,0,0,0,0,0,0,0,0
19095,0,0,0,0,0,0,0,0,0,0,0,0,0,0,0,0,0,0,0,0
19097,0,0,0,0,0,0,0,0,0,0,0,0,0,0,0,0,0,0,0,0
19099,0,0,0,0,0,0,0,0,0,0,0,0,0,0,0,0,0,0,0,0
19101,0,0,0,0,0,0,0,0,0,0,0,0,0,0,0,0,0,0,0,0
19103,0,0,0,0,0,0,0,0,0,0,0,0,0,0,0,0,0,0,0,0
19105,0,0,0,0,0,0,0,0,0,0,0,0,0,0,0,0,0,0,0,0
19107,0,0,0,0,0,0,0,0,0,0,0,0,0,0,0,0,0,0,0,0
19109,0,0,0,0,0,0,0,0,0,0,0,0,0,0,0,0,0,0,0,0
19111,0,0,0,0,0,0,0,0,0,0,0,0,0,0,0,0,0,0,0,0
19113,0,0,0,0,0,0,0,0,0,0,0,0,0,0,0,0,0,0,0,0
19115,0,0,0,0,0,0,0,0,0,0,0,0,0,0,0,0,0,0,0,0
19117,0,0,0,0,0,0,0,0,0,0,0,0,0,0,0,0,0,0,0,0
19119,0,0,0,0,0,0,0,0,0,0,0,0,0,0,0,0,0,0,0,0
19121,0,0,0,0,0,0,0,0,0,0,0,0,0,0,0,0,0,0,0,0
19123,0,0,0,0,0,0,0,0,0,0,0,0,0,0,0,0,0,0,0,0
19125,0,0,0,0,0,0,0,0,0,0,0,0,0,0,0,0,0,0,0,0
19127,0,0,0,0,0,0,0,0,0,0,0,0,0,0,0,0,0,0,0,0
19129,0,0,0,0,0,0,0,0,0,0,0,0,0,0,0,0,0,0,0,0
19131,0,0,0,0,0,0,0,0,0,0,0,0,0,0,0,0,0,0,0,0
19133,0,0,0,0,0,0,0,0,0,0,0,0,0,0,0,0,0,0,0,0
19135,0,0,0,0,0,0,0,0,0,0,0,0,0,0,0,0,0,0,0,0
19137,0,0,0,0,0,0,0,0,0,0,0,0,0,0,0,0,0,0,0,0
19139,0,0,0,0,0,0,0,0,0,0,0,0,0,0,0,0,0,0,0,0
19141,0,0,0,0,0,0,0,0,0,0,0,0,0,0,0,0,0,0,0,0
19143,0,0,0,0,0,0,0,0,0,0,0,0,0,0,0,0,0,0,0,0
19145,0,0,0,0,0,0,0,0,0,0,0,0,0,0,0,0,0,0,0,0
19147,0,0,0,0,0,0,0,0,0,0,0,0,0,0,0,0,0,0,0,0
19149,0,0,0,0,0,0,0,0,0,0,0,0,0,0,0,0,0,0,0,0
19151,0,0,0,0,0,0,0,0,0,0,0,0,0,0,0,0,0,0,0,0
19153,0,0,0,0,0,0,0,0,0,0,0,0,0,0,0,0,0,0,0,0
19155,0,0,0,0,0,0,0,0,0,0,0,0,0,0,0,0,0,0,0,0
19157,0,0,0,0,0,0,0,0,0,0,0,0,0,0,0,0,0,0,0,0
19159,0,0,0,0,0,0,0,0,0,0,0,0,0,0,0,0,0,0,0,0
19161,0,0,0,0,0,0,0,0,0,0,0,0,0,0,0,0,0,0,0,0
19163,0,0,0,0,0,0,0,0,0,0,0,0,0,0,0,0,0,0,0,0
19165,0,0,0,0,0,0,0,0,0,0,0,0,0,0,0,0,0,0,0,0
19167,0,0,0,0,0,0,0,0,0,0,0,0,0,0,0,0,0,0,0,0
19169,0,0,0,0,0,0,0,0,0,0,0,0,0,0,0,0,0,0,0,0
19171,0,0,0,0,0,0,0,0,0,0,0,0,0,0,0,0,0,0,0,0
19173,0,0,0,0,0,0,0,0,0,0,0,0,0,0,0,0,0,0,0,0
19175,0,0,0,0,0,0,0,0,0,0,0,0,0,0,0,0,0,0,0,0
19177,0,0,0,0,0,0,0,0,0,0,0,0,0,0,0,0,0,0,0,0
19179,0,0,0,0,0,0,0,0,0,0,0,0,0,0,0,0,0,0,0,0
19181,0,0,0,0,0,0,0,0,0,0,0,0,0,0,0,0,0,0,0,0
19183,0,0,0,0,0,0,0,0,0,0,0,0,0,0,0,0,0,0,0,0
19185,0,0,0,0,0,0,0,0,0,0,0,0,0,0,0,0,0,0,0,0
19187,0,0,0,0,0,0,0,0,0,0,0,0,0,0,0,0,0,0,0,0
19189,0,0,0,0,0,0,0,0,0,0,0,0,0,0,0,0,0,0,0,0
19191,0,0,0,0,0,0,0,0,0,0,0,0,0,0,0,0,0,0,0,0
19193,0,0,0,0,0,0,0,0,0,0,0,0,0,0,0,0,0,0,0,0
19195,0,0,0,0,0,0,0,0,0,0,0,0,0,0,0,0,0,0,0,0
19197,0,0,0,0,0,0,0,0,0,0,0,0,0,0,0,0,0,0,0,0
20001,0,0,0,0,0,0,0,0,0,0,0,0,0,0,0,0,0,0,0,0
20003,0,0,0,0,0,0,0,0,0,0,0,0,0,0,0,0,0,0,0,0
20005,0,0,0,0,0,0,0,0,0,0,0,0,0,0,0,0,0,0,0,0
20007,0,0.000311777973465569,2.26608239783199e-05,4.29773291722646e-08,2.11575774063144e-07,4.70797345329637e-05,6.00576389873923e-08,9.42089659043736e-06,0,0,0,9.46378510126457e-08,0,3.42567163347224e-06,0.000277263669050971,0.000151126370919333,0,2.58706160579974e-08,0,0.00169657947871764
20009,5.56053924983745e-06,0.00203192948768535,3.24022082781049e-08,0,4.49440194661562e-05,4.81142011231268e-05,5.18482545324833e-08,0.00184949534167026,0,0,0,0,0,0.000149054917685032,0.00389292848073038,0.00195978553332043,0,4.87895017035284e-07,0,0.00897145216517093
20011,0,0,0,0,0,0,0,0,0,0,0,0,0,0,0,0,0,0,0,0
20013,0,0,0,0,0,0,0,0,0,0,0,0,0,0,0,0,0,0,0,0
20015,0,0,0,0,0,0,0,0,0,0,0,0,0,0,0,0,0,0,0,0
20017,0,0,0,0,0,0,0,0,0,0,0,0,0,0,0,0,0,0,0,0
20019,0,0,0,0,0,0,0,0,0,0,0,0,0,0,0,0,0,0,0,0
20021,0,0,0,0,0,0,0,0,0,0,0,0,0,0,0,0,0,0,0,0
20023,1.68044144800006e-06,0.00906210195486211,4.76749019789253e-09,1.94836802896289e-06,1.27848566866313e-05,2.63170366307732e-06,2.05381663672702e-08,0.00048951220991974,0,0,5.31112064458192e-07,0,0,1.04504506905989e-06,0.00432709799707392,0.000452625235493346,0,0.000399159039925314,0,0.0203607090933103
20025,0,1.35238951548303e-05,0,5.12652527096371e-08,1.47470769390295e-06,3.34234705566058e-05,8.78332185190976e-09,3.04990018974173e-05,0,0,0,1.69421143364947e-09,0,2.97418077950641e-07,0.000169787596371594,7.82493748166134e-07,0,3.51589118800423e-09,0,0.000729122432759132
20027,0,0,0,0,0,0,0,0,0,0,0,0,0,0,0,0,0,0,0,0
20029,0,2.14381746554512e-05,0,0,2.40487587673032e-06,5.93879073886914e-07,3.74638625677185e-09,3.37073638254652e-05,0,0,0,0,0,4.66919062941857e-07,0.00013299162322342,8.06646466102753e-05,0,0,0,0.000229665661048644
20031,0,0,0,0,0,0,0,0,0,0,0,0,0,0,0,0,0,0,0,0
20033,0,5.45881392340564e-05,1.08611128882583e-06,4.41109702945797e-07,5.18409641561645e-06,5.34403268845646e-05,1.12760465493728e-08,0.00019239048857013,0,0,0,5.99562163890012e-08,0,3.03361478101357e-06,0.00114429436970387,3.75354895494316e-05,0,0,0,0.00271685951109156
20035,0,0,0,0,0,0,0,0,0,0,0,0,0,0,0,0,0,0,0,0
20037,0,0,0,0,0,0,0,0,0,0,0,0,0,0,0,0,0,0,0,0
20039,2.44331961904994e-08,0.00452371418310996,0,0,1.68262286431365e-05,3.39167287894991e-05,0,0.000397967631540096,0,0,3.37555641653315e-06,0,0,3.1499668790712e-07,0.00167120743727672,0.000136007867112614,0,7.79843203337127e-06,0,0.00555038199168257
20041,0,0,0,0,0,0,0,0,0,0,0,0,0,0,0,0,0,0,0,0
20043,0,0,0,0,0,0,0,0,0,0,0,0,0,0,0,0,0,0,0,0
20045,0,0,0,0,0,0,0,0,0,0,0,0,0,0,0,0,0,0,0,0
20047,1.41062385134836e-07,0.00574268655899777,1.68293895105557e-06,0,3.26926893668645e-05,9.1878854442941e-05,9.57235836992192e-08,0.000304427050080404,0,0,0,8.05064369628415e-08,0,0.000316099280581727,0.00156383922442604,0.00128537885218138,0,0,0,0.00831223420190211
20049,0,0,0,0,0,0,0,0,0,0,0,0,0,0,0,0,0,0,0,0
20051,0,3.71262703873189e-06,0,8.52502152158459e-10,3.70024078579269e-07,3.51075147115412e-07,0,3.75038979861203e-06,0,0,0,0,0,2.91634599375252e-08,0.000157638485878848,1.68566562402998e-06,0,3.74989308591582e-07,0,0.000250903316178453
20053,0,1.38133776697644e-07,0,0,1.53156483410331e-08,7.44581415111434e-08,0,2.77249394129641e-07,0,0,0,0,0,3.33264291943146e-09,2.06411043843723e-06,1.07115690642309e-06,0,2.75261828344872e-08,0,4.56384684091653e-06
20055,3.52759303079123e-09,0.0478707839542178,0,0,4.25351934072573e-05,0.00401232339716868,0,0.0264516339731899,0,0.000390117759755065,0,0,0,1.4078962519204e-06,0.0609135036289896,0.00173627601028593,0,0.000283019446388387,0,0.105372046521176
20057,0,0.00499487523021391,3.98642154483445e-07,0,6.22062874916652e-06,0.000230506182483894,0,0.00048868108822887,0,0,0,0,0,7.04707136574714e-05,0.00673301143868245,0.000507071269660901,0,1.09671389142161e-06,0,0.0124261460208026
20059,0,0,0,0,0,0,0,0,0,0,0,0,0,0,0,0,0,0,0,0
20061,0,0,0,0,0,0,0,0,0,0,0,0,0,0,0,0,0,0,0,0
20063,1.3027280989523e-05,0.00715755966705736,0,4.89642974724207e-08,5.68256646167088e-05,6.18695939831875e-05,4.53329920565744e-08,0.000276898465406202,0,0,4.73110351044909e-05,0,0,1.67133314583341e-08,0.00483329290614533,9.16757134283115e-05,0,6.32542667957463e-05,0,0.00978243796349275
20065,3.00422150094746e-10,0.00146510497917874,0,2.14962846813963e-08,2.74664201734248e-06,6.90231763618972e-06,0,6.07527020388631e-05,0,0,0,0,0,1.98354390229968e-08,0.00226775841415883,0.000243882243438374,0,1.55042368665721e-05,0,0.00284998347867348
20067,0,0.0179455789239871,5.45616061181117e-06,1.04168285730557e-06,6.06864507051916e-05,0.00304314137253835,0,0.00527514917082886,0,0.000161749171610275,0,9.83340593945513e-08,0,3.10567337091902e-05,0.0207945619956741,6.42351560917532e-06,0,2.50452402353447e-06,0,0.0451883871216894
20069,1.07810661965776e-06,0.0178903573576118,0,0,1.48276039624973e-05,0.00113986090730917,0,0.00910052043912117,0,8.60833265324609e-07,0,0,0,5.83941654109322e-05,0.0245048708736132,0.00107018187562679,0,6.13439481538572e-06,0,0.0423670678641826
20071,4.21368654667417e-07,0.0021143903318512,0,0.000154650955059153,1.91737604166175e-05,1.5839639462382e-06,0,2.44699533356291e-05,0,0,0,0,0,4.23255055662992e-08,0.00348707305331074,0,0,3.37020902605239e-06,0,0.00965588358389249
20073,0,0,0,0,0,0,0,0,0,0,0,0,0,0,0,0,0,0,0,0
20075,0,0.00195469005670197,0,4.56893649417094e-05,8.9573017348467e-07,0.000231672010215964,0,0.000832366552809504,0,0,0,0,0,3.80999774287029e-06,0.0105656383344274,0,0,3.33380254218092e-07,0,0.0202057696618205
20077,0,0,0,0,0,0,0,0,0,0,0,0,0,5.75879292331746e-10,0,0,0,0,0,0
20079,0,0,0,0,0,0,0,0,0,0,0,0,0,0,0,0,0,0,0,0
20081,0,0.0278801740132521,4.22140253982764e-07,0,4.0665067327529e-05,0.00136886637348853,0,0.00617725168391693,0,3.08469480646253e-07,0,0,0,1.31600024789247e-07,0.0160410482454513,0.0015579441450422,0,4.6920486429784e-06,0,0.0329854120814333
20083,0,0.000247047608919802,0,2.49161542163854e-08,2.73149989334201e-07,3.16467604756294e-05,0,1.58781282348497e-05,0,0,0,0,0,6.6424668710419e-07,0.001367979356554,4.44715070219964e-06,0,0,0,0.00456076938232346
20085,0,0,0,0,0,0,0,0,0,0,0,0,0,0,0,0,0,0,0,0
20087,0,0,0,0,0,0,0,0,0,0,0,0,0,0,0,0,0,0,0,0
20089,0,0,0,0,0,0,0,0,0,0,0,0,0,0,0,0,0,0,0,0
20091,0,0,0,0,0,0,0,0,0,0,0,0,0,0,0,0,0,0,0,0
20093,5.65276375099558e-07,0.0230342581543736,1.87475308302031e-07,2.62215108964032e-05,1.17781618914897e-05,0.00351069197548685,0,0.0181184740278211,0,6.1174159877282e-05,0,3.59755666444904e-08,0,7.26872625296581e-05,0.0254996596251404,0.000137602083598818,0,9.31670895679709e-06,0,0.0491980121452063
20095,0,1.52393793276662e-06,9.44011581815654e-08,1.70256058303235e-08,7.82943393325621e-08,9.31490634349562e-06,0,6.15237648580467e-07,0,0,0,1.01216376360881e-07,0,2.18554701535323e-09,4.45363416607897e-05,1.39231176823535e-05,0,0,0,0.000178640609031351
20097,1.10255495003847e-07,0.00122491089826842,5.22476078512641e-06,2.48495486500434e-07,6.77427972660213e-06,7.7599739767937e-05,1.4495896623011e-07,7.23742600617523e-05,0,0,0,5.71569007696822e-07,0,0.000113589629660002,0.000860064312837387,0.000631259927487695,0,1.86650132115464e-07,0,0.00350434206565702
20099,0,0,0,0,0,0,0,0,0,0,0,0,0,0,0,0,0,0,0,0
20101,1.71110707005262e-09,0.000892345056477959,0,5.40266214437624e-09,9.8848515671786e-07,6.31979383534365e-05,0,9.5932991759467e-05,0,6.90975534543554e-08,2.21814279585118e-08,0,0,0,0.00311408968285175,2.46532439772998e-05,0,4.06395143866948e-07,0,0.00490631819514862
20103,0,0,0,0,0,0,0,0,0,0,0,0,0,0,0,0,0,0,0,0
20105,0,2.96620377459248e-07,0,0,3.70179164095909e-08,6.87112587730895e-08,3.13432096583313e-10,3.07428742895091e-07,0,0,0,0,0,0,1.91170961738245e-06,2.07067117367503e-06,0,0,0,6.17217160817984e-06
20107,0,0,0,0,0,0,0,0,0,0,0,0,0,0,0,0,0,0,0,0
20109,3.49950663065137e-08,0.00293434330164113,0,1.76279818953745e-08,2.4233719103335e-05,1.4558313430054e-05,0,9.70189509366559e-06,0,6.48816170483603e-09,3.88746058074276e-07,0,0,0,0.00159443488867285,3.61822512810388e-05,0,1.06245104019739e-05,0,0.00487287700098039
20111,0,0,0,0,0,0,0,0,0,0,0,0,0,0,0,0,0,0,0,0
20113,1.75734856465513e-11,4.10019784809805e-08,0,0,0,6.73911513427261e-09,0,4.52925245942197e-08,0,0,0,1.62417253844788e-11,0,1.12954367260659e-10,1.27027944196989e-07,1.73525960062726e-07,0,0,0,3.35502709384323e-07
20115,0,0,0,0,0,0,0,0,0,0,0,0,0,0,0,0,0,0,0,0
20117,0,0,0,0,0,0,0,0,0,0,0,0,0,0,0,0,0,0,0,0
20119,0,0.000868841121952705,0,0,1.59927222998263e-07,2.9029251351577e-05,0,1.47632783962745e-05,0,0,0,0,0,0,8.07317138612556e-05,1.51050952637145e-05,0,2.41423247909e-07,0,0.000703772865202433
20121,0,0,0,0,0,0,0,0,0,0,0,0,0,0,0,0,0,0,0,0
20123,0,1.07154953474671e-06,0,0,7.63205888403475e-08,2.46713345849938e-08,7.78719371959581e-09,6.22320451637669e-07,0,0,0,0,0,0,3.53126446177016e-06,5.6423019152629e-06,0,0,0,1.20190055174878e-05
20125,0,0,0,0,0,0,0,0,0,0,0,0,0,0,0,0,0,0,0,0
20127,0,0,0,0,0,0,0,0,0,0,0,0,0,0,0,0,0,0,0,0
20129,0,0.00263713785635775,1.99616076478984e-08,2.13308356371721e-07,0,0.00012520115762911,0,4.88847507276775e-05,0,7.80256514224092e-08,0,0,0,0,0.00529762216819569,1.03671861086215e-07,0,2.76708788499173e-06,0,0.0109742139745517
20131,0,0,0,0,0,0,0,0,0,0,0,0,0,0,0,0,0,0,0,0
20133,0,0,0,0,0,0,0,0,0,0,0,0,0,0,0,0,0,0,0,0
20135,5.2177177154604e-09,5.42370139520297e-05,0,1.66705565040892e-08,2.8532007562386e-07,2.83364850767739e-06,0,2.59863332291544e-05,0,0,0,0,0,3.21644177564438e-08,0.000852621119663918,8.99190563829753e-07,0,1.0087863785242e-06,0,0.00151920875538106
20137,0,0.00251065889384377,0,0,0.000109567255127847,8.76455356043861e-06,0,0.000143661660965387,0,0,0,0,0,8.82239858220962e-06,0.00110440541288703,0.000329626635550783,0,3.4884001709875e-06,0,0.00264657188461604
20139,0,0,0,0,0,0,0,0,0,0,0,0,0,0,0,0,0,0,0,0
20141,0,0,0,0,0,0,0,0,0,0,0,0,0,0,0,0,0,0,0,0
20143,1.45134375346216e-09,2.25428819108351e-05,0,0,1.02599258848667e-06,2.2030433692662e-06,3.69809842182014e-09,3.12340757639103e-05,0,0,0,0,0,0,4.69639799892629e-05,9.12413268631386e-05,0,1.11823537575372e-08,0,0.000153403491800635
20145,6.61668126529686e-06,0.00363403611862617,0,0,1.42748351665867e-05,6.79700319398724e-05,4.93391195461303e-08,0.000847686898002995,0,0,0,3.92874387798614e-08,0,0.00111941881426,0.00186313991709182,0.00157347452929525,0,8.88809255558658e-09,0,0.00648632945721428
20147,0,0,0,0,0,0,0,0,0,0,0,0,0,0,0,0,0,0,0,0
20149,0,0,0,0,0,0,0,0,0,0,0,0,0,0,0,0,0,0,0,0
20151,0,0.00149763469279428,7.01787196196576e-05,5.26989115129328e-08,2.1815991908141e-06,0.000200650304560471,1.05122512578848e-07,0.000120956177413997,0,0,0,1.57477765929099e-07,0,4.66135847231556e-05,0.00105865261074034,0.00054874242168262,0,2.88292577350833e-08,0,0.00839783354536409
20153,1.12913677596948e-06,0.00489801371348473,0,9.32777581848696e-07,7.10172855377441e-06,3.94938740866403e-05,0,0.000447024042005325,0,0,0.000137614120584009,0,0,7.34575537825137e-07,0.00312171908264116,6.9002621463238e-05,0,0.000115788918883839,0,0.0098859981311223
20155,1.27870502179685e-08,0.000360834894812725,6.64176418174004e-08,5.40381245252621e-07,6.74081208288299e-07,6.06545895232883e-05,1.30244539744989e-08,7.9153787196464e-05,0,0,0,5.43336695597784e-07,0,9.11590276256944e-05,0.000340956945518103,0.000635887399636067,0,3.40220877604013e-06,0,0.0014239581282794
20157,0,0,0,0,0,0,0,0,0,0,0,0,0,0,0,0,0,0,0,0
20159,1.76069451380358e-10,0.000565542163497219,0,1.35649528419112e-07,5.09864395748084e-06,2.80486920221101e-05,0,0.000156799165554747,0,0,0,7.84506107521253e-08,0,3.90297756705133e-06,0.000534827900843766,0.000576488830755278,0,1.24343919581861e-06,0,0.00187404613771457
20161,0,0,0,0,0,0,0,0,0,0,0,0,0,0,0,0,0,0,0,0
20163,0,6.03154888997109e-06,0,0,3.07071510426143e-06,1.57683762714285e-06,0,2.48133048034992e-06,0,0,0,0,0,0,0.000171016878344623,4.05021183357682e-05,0,3.19062062072256e-08,0,0.000264244114839405
20165,1.69816064980665e-08,1.12612545718501e-05,0,0,3.8612341584239e-07,3.04860532987179e-07,0,5.96995565509162e-05,0,0,0,0,0,1.76339957231585e-06,0.000132993351946276,3.33427841543114e-05,0,2.7653322014977e-08,0,0.000254681083193948
20167,0,0,0,0,0,0,0,0,0,0,0,0,0,0,0,0,0,0,0,0
20169,0,0,0,0,0,0,0,0,0,0,0,0,0,0,0,0,0,0,0,0
20171,5.64074585819943e-06,0.0050216806203518,0,1.72551033488444e-08,8.30516080914346e-05,6.66206467699678e-05,0,0.000106492539930951,0,2.23077744387641e-06,0,0,0,0,0.0113046220195478,3.53408655376584e-05,0,1.17156098032366e-05,0,0.0190531301054203
20173,0,0,0,0,0,0,0,0,0,0,0,0,0,0,0,0,0,0,0,0
20175,0,0.0133375569840862,2.72391648321201e-07,0,0.000114987825410242,0.000451730412303576,0,0.000751596003629606,0,1.4379015464345e-05,0,0,0,0,0.00360038195607249,0.000561642405128036,0,8.08642840484736e-05,0,0.00693273860793075
20177,0,0,0,0,0,0,0,0,0,0,0,0,0,0,0,0,0,0,0,0
20179,1.18724424752994e-05,0.0289187638230556,0,8.57339737092755e-08,0.000217901549930447,0.000207958445278437,1.56496287324503e-08,0.00108782785356923,0,0,2.1870732404501e-05,0,0,4.97169443962254e-07,0.0136570739547939,0.00236700102681815,0,5.78105701578518e-05,0,0.0279312760028086
20181,2.91168537032565e-06,0.0362715923670746,0,0.000155602140297322,0.000276933502134625,1.22778420177973e-05,0,0.000405536700109653,0,1.56648785613152e-05,4.43991341829066e-05,0,0,1.65331361996839e-07,0.0119115448299065,0.000386998715565557,0,0.00173648301387506,0,0.0466747435058234
20183,0,0,0,0,0,0,0,0,0,0,0,0,0,0,0,0,0,0,0,0
20185,2.32525577194974e-08,0.000985693671663668,1.54058365638685e-07,0,3.01811064555231e-06,1.87179092679313e-05,9.78601438203887e-08,0.000158123836583369,0,0,0,0,0,0.000303000664973169,0.000556445022252317,0.000440802079868182,0,1.84807356860921e-07,0,0.00195456480496159
20187,0,0.0143977000812688,1.02865624053401e-06,2.61113771171544e-05,5.52865709085411e-07,0.000942270453426845,0,0.000404220597181255,0,9.54615982127348e-06,0,0,0,1.79636384761458e-05,0.0148647685290081,2.1985804940474e-06,0,4.99704252415251e-07,0,0.0348268981692578
20189,0,0.0277186382903429,1.62828654135676e-06,0,5.63333747356658e-06,0.00125300140214363,0,0.000727584966196898,0,5.38672889553578e-05,0,3.72825610068723e-05,0,8.61042162894388e-07,0.0100116191009195,0.000153377129062653,0,0.000147856570101976,0,0.0215176391211961
20191,0,0,0,0,0,0,0,0,0,0,0,0,0,0,0,0,0,0,0,0
20193,3.518852824852e-07,0.0373503293971053,0,1.86934962731001e-06,7.305616646742e-05,0.00011264525402993,0,0.000567283174267178,0,0,2.65587422350265e-05,0,0,5.79625072730626e-07,0.0118361200513686,0.00174534133119368,0,0.00035676747580153,0,0.0401441072573109
20195,5.66412630266314e-08,0.000479921506269438,0,1.06722338452683e-08,6.17068383147456e-06,9.74485262850173e-06,1.11619968269188e-06,7.73678805453993e-05,0,0,0,0,0,4.67259220371888e-08,0.00196001031397145,1.90890277909281e-05,0,1.4078753124904e-08,0,0.00250775185982496
20197,0,0,0,0,0,0,0,0,0,0,0,0,0,0,0,0,0,0,0,0
20199,6.57025842897072e-05,0.00859841060253436,0,1.43734577440226e-05,0.00011679113480841,9.30836544580913e-06,0,5.8477915190614e-05,0,6.7164560596548e-08,0,0,0,1.01695388896491e-07,0.00812596960283495,1.30725139290888e-05,0,5.75171617401008e-05,0,0.0166449124147931
20201,0,0,0,0,0,0,0,0,0,0,0,0,0,0,0,0,0,0,0,0
20203,2.54304921013991e-05,0.00519352358920449,0,3.28243769049918e-05,0.000158489085671211,3.24797160607839e-05,0,3.24509960610339e-05,0,5.15571667821146e-07,0,0,0,2.15793065676757e-05,0.00744067062558609,5.51648840223879e-06,0,1.86578025034055e-06,0,0.0199324603954748
20205,0,0,0,0,0,0,0,0,0,0,0,0,0,0,0,0,0,0,0,0
20207,0,0,0,0,0,0,0,0,0,0,0,0,0,0,0,0,0,0,0,0
20209,0,0,0,0,0,0,0,0,0,0,0,0,0,0,0,0,0,0,0,0
21001,0,0,0,0,0,0,0,0,0,0,0,0,0,0,0,0,0,0,0,0
21003,0,0,0,0,0,0,0,0,0,0,0,0,0,0,0,0,0,0,0,0
21005,0,0,0,0,0,0,0,0,0,0,0,0,0,0,0,0,0,0,0,0
21007,0,0,0,0,0,0,0,0,0,0,0,0,0,0,0,0,0,0,0,0
21009,0,0,0,0,0,0,0,0,0,0,0,0,0,0,0,0,0,0,0,0
21011,0,0,0,0,0,0,0,0,0,0,0,0,0,0,0,0,0,0,0,0
21013,0,0,0,0,0,0,0,0,0,0,0,0,0,0,0,0,0,0,0,0
21015,0,0,0,0,0,0,0,0,0,0,0,0,0,0,0,0,0,0,0,0
21017,0,0,0,0,0,0,0,0,0,0,0,0,0,0,0,0,0,0,0,0
21019,0,0,0,0,0,0,0,0,0,0,0,0,0,0,0,0,0,0,0,0
21021,0,0,0,0,0,0,0,0,0,0,0,0,0,0,0,0,0,0,0,0
21023,0,0,0,0,0,0,0,0,0,0,0,0,0,0,0,0,0,0,0,0
21025,0,0,0,0,0,0,0,0,0,0,0,0,0,0,0,0,0,0,0,0
21027,0,0,0,0,0,0,0,0,0,0,0,0,0,0,0,0,0,0,0,0
21029,0,0,0,0,0,0,0,0,0,0,0,0,0,0,0,0,0,0,0,0
21031,0,0,0,0,0,0,0,0,0,0,0,0,0,0,0,0,0,0,0,0
21033,0,0,0,0,0,0,0,0,0,0,0,0,0,0,0,0,0,0,0,0
21035,0,0,0,0,0,0,0,0,0,0,0,0,0,0,0,0,0,0,0,0
21037,0,0,0,0,0,0,0,0,0,0,0,0,0,0,0,0,0,0,0,0
21039,0,0,0,0,0,0,0,0,0,0,0,0,6.31484188414237e-11,0,0,0,0,0,0,0
21041,0,0,0,0,0,0,0,0,0,0,0,0,0,0,0,0,0,0,0,0
21043,0,0,0,0,0,0,0,0,0,0,0,0,0,0,0,0,0,0,0,0
21045,0,0,0,0,0,0,0,0,0,0,0,0,0,0,0,0,0,0,0,0
21047,0,0,0,0,0,0,0,0,0,0,0,0,0,0,0,0,0,0,0,0
21049,0,0,0,0,0,0,0,0,0,0,0,0,0,0,0,0,0,0,0,0
21051,0,0,0,0,0,0,0,0,0,0,0,0,0,0,0,0,0,0,0,0
21053,0,0,0,0,0,0,0,0,0,0,0,0,0,0,0,0,0,0,0,0
21055,0,0,0,0,0,0,0,0,0,0,0,0,0,0,0,0,0,0,0,0
21057,0,0,0,0,0,0,0,0,0,0,0,0,0,0,0,0,0,0,0,0
21059,0,0,0,0,0,0,0,0,0,0,0,0,0,0,0,0,0,0,0,0
21061,0,0,0,0,0,0,0,0,0,0,0,0,0,0,0,0,0,0,0,0
21063,0,0,0,0,0,0,0,0,0,0,0,0,0,0,0,0,0,0,0,0
21065,0,0,0,0,0,0,0,0,0,0,0,0,0,0,0,0,0,0,0,0
21067,0,0,0,0,0,0,0,0,0,0,0,0,0,0,0,0,0,0,0,0
21069,0,0,0,0,0,0,0,0,0,0,0,0,0,0,0,0,0,0,0,0
21071,0,0,0,0,0,0,0,0,0,0,0,0,0,0,0,0,0,0,0,0
21073,0,0,0,0,0,0,0,0,0,0,0,0,0,0,0,0,0,0,0,0
21075,0,0,0,0,0,0,0,0,0,0,0,0,1.57227502619258e-08,0,0,0,0,0,0,0
21077,0,0,0,0,0,0,0,0,0,0,0,0,0,0,0,0,0,0,0,0
21079,0,0,0,0,0,0,0,0,0,0,0,0,0,0,0,0,0,0,0,0
21081,0,0,0,0,0,0,0,0,0,0,0,0,0,0,0,0,0,0,0,0
21083,0,0,0,0,0,0,0,0,0,0,0,0,0,0,0,0,0,0,0,0
21085,0,0,0,0,0,0,0,0,0,0,0,0,0,0,0,0,0,0,0,0
21087,0,0,0,0,0,0,0,0,0,0,0,0,0,0,0,0,0,0,0,0
21089,0,0,0,0,0,0,0,0,0,0,0,0,0,0,0,0,0,0,0,0
21091,0,0,0,0,0,0,0,0,0,0,0,0,0,0,0,0,0,0,0,0
21093,0,0,0,0,0,0,0,0,0,0,0,0,0,0,0,0,0,0,0,0
21095,0,0,0,0,0,0,0,0,0,0,0,0,0,0,0,0,0,0,0,0
21097,0,0,0,0,0,0,0,0,0,0,0,0,0,0,0,0,0,0,0,0
21099,0,0,0,0,0,0,0,0,0,0,0,0,0,0,0,0,0,0,0,0
21101,0,0,0,0,0,0,0,0,0,0,0,0,0,0,0,0,0,0,0,0
21103,0,0,0,0,0,0,0,0,0,0,0,0,0,0,0,0,0,0,0,0
21105,0,0,0,0,0,0,0,0,0,0,0,0,2.62131583221668e-09,0,0,0,0,0,0,0
21107,0,0,0,0,0,0,0,0,0,0,0,0,0,0,0,0,0,0,0,0
21109,0,0,0,0,0,0,0,0,0,0,0,0,0,0,0,0,0,0,0,0
21111,0,0,0,0,0,0,0,0,0,0,0,0,0,0,0,0,0,0,0,0
21113,0,0,0,0,0,0,0,0,0,0,0,0,0,0,0,0,0,0,0,0
21115,0,0,0,0,0,0,0,0,0,0,0,0,0,0,0,0,0,0,0,0
21117,0,0,0,0,0,0,0,0,0,0,0,0,0,0,0,0,0,0,0,0
21119,0,0,0,0,0,0,0,0,0,0,0,0,0,0,0,0,0,0,0,0
21121,0,0,0,0,0,0,0,0,0,0,0,0,0,0,0,0,0,0,0,0
21123,0,0,0,0,0,0,0,0,0,0,0,0,0,0,0,0,0,0,0,0
21125,0,0,0,0,0,0,0,0,0,0,0,0,0,0,0,0,0,0,0,0
21127,0,0,0,0,0,0,0,0,0,0,0,0,0,0,0,0,0,0,0,0
21129,0,0,0,0,0,0,0,0,0,0,0,0,0,0,0,0,0,0,0,0
21131,0,0,0,0,0,0,0,0,0,0,0,0,0,0,0,0,0,0,0,0
21133,0,0,0,0,0,0,0,0,0,0,0,0,0,0,0,0,0,0,0,0
21135,0,0,0,0,0,0,0,0,0,0,0,0,0,0,0,0,0,0,0,0
21137,0,0,0,0,0,0,0,0,0,0,0,0,0,0,0,0,0,0,0,0
21139,0,0,0,0,0,0,0,0,0,0,0,0,0,0,0,0,0,0,0,0
21141,0,0,0,0,0,0,0,0,0,0,0,0,0,0,0,0,0,0,0,0
21143,0,0,0,0,0,0,0,0,0,0,0,0,0,0,0,0,0,0,0,0
21145,0,0,0,0,0,0,0,0,0,0,0,0,0,0,0,0,0,0,0,0
21147,0,0,0,0,0,0,0,0,0,0,0,0,0,0,0,0,0,0,0,0
21149,0,0,0,0,0,0,0,0,0,0,0,0,0,0,0,0,0,0,0,0
21151,0,0,0,0,0,0,0,0,0,0,0,0,0,0,0,0,0,0,0,0
21153,0,0,0,0,0,0,0,0,0,0,0,0,0,0,0,0,0,0,0,0
21155,0,0,0,0,0,0,0,0,0,0,0,0,0,0,0,0,0,0,0,0
21157,0,0,0,0,0,0,0,0,0,0,0,0,0,0,0,0,0,0,0,0
21159,0,0,0,0,0,0,0,0,0,0,0,0,0,0,0,0,0,0,0,0
21161,0,0,0,0,0,0,0,0,0,0,0,0,0,0,0,0,0,0,0,0
21163,0,0,0,0,0,0,0,0,0,0,0,0,0,0,0,0,0,0,0,0
21165,0,0,0,0,0,0,0,0,0,0,0,0,0,0,0,0,0,0,0,0
21167,0,0,0,0,0,0,0,0,0,0,0,0,0,0,0,0,0,0,0,0
21169,0,0,0,0,0,0,0,0,0,0,0,0,0,0,0,0,0,0,0,0
21171,0,0,0,0,0,0,0,0,0,0,0,0,0,0,0,0,0,0,0,0
21173,0,0,0,0,0,0,0,0,0,0,0,0,0,0,0,0,0,0,0,0
21175,0,0,0,0,0,0,0,0,0,0,0,0,0,0,0,0,0,0,0,0
21177,0,0,0,0,0,0,0,0,0,0,0,0,0,0,0,0,0,0,0,0
21179,0,0,0,0,0,0,0,0,0,0,0,0,0,0,0,0,0,0,0,0
21181,0,0,0,0,0,0,0,0,0,0,0,0,0,0,0,0,0,0,0,0
21183,0,0,0,0,0,0,0,0,0,0,0,0,0,0,0,0,0,0,0,0
21185,0,0,0,0,0,0,0,0,0,0,0,0,0,0,0,0,0,0,0,0
21187,0,0,0,0,0,0,0,0,0,0,0,0,0,0,0,0,0,0,0,0
21189,0,0,0,0,0,0,0,0,0,0,0,0,0,0,0,0,0,0,0,0
21191,0,0,0,0,0,0,0,0,0,0,0,0,0,0,0,0,0,0,0,0
21193,0,0,0,0,0,0,0,0,0,0,0,0,0,0,0,0,0,0,0,0
21195,0,0,0,0,0,0,0,0,0,0,0,0,0,0,0,0,0,0,0,0
21197,0,0,0,0,0,0,0,0,0,0,0,0,0,0,0,0,0,0,0,0
21199,0,0,0,0,0,0,0,0,0,0,0,0,0,0,0,0,0,0,0,0
21201,0,0,0,0,0,0,0,0,0,0,0,0,0,0,0,0,0,0,0,0
21203,0,0,0,0,0,0,0,0,0,0,0,0,0,0,0,0,0,0,0,0
21205,0,0,0,0,0,0,0,0,0,0,0,0,0,0,0,0,0,0,0,0
21207,0,0,0,0,0,0,0,0,0,0,0,0,0,0,0,0,0,0,0,0
21209,0,0,0,0,0,0,0,0,0,0,0,0,0,0,0,0,0,0,0,0
21211,0,0,0,0,0,0,0,0,0,0,0,0,0,0,0,0,0,0,0,0
21213,0,0,0,0,0,0,0,0,0,0,0,0,0,0,0,0,0,0,0,0
21215,0,0,0,0,0,0,0,0,0,0,0,0,0,0,0,0,0,0,0,0
21217,0,0,0,0,0,0,0,0,0,0,0,0,0,0,0,0,0,0,0,0
21219,0,0,0,0,0,0,0,0,0,0,0,0,0,0,0,0,0,0,0,0
21221,0,0,0,0,0,0,0,0,0,0,0,0,0,0,0,0,0,0,0,0
21223,0,0,0,0,0,0,0,0,0,0,0,0,0,0,0,0,0,0,0,0
21225,0,0,0,0,0,0,0,0,0,0,0,0,0,0,0,0,0,0,0,0
21227,0,0,0,0,0,0,0,0,0,0,0,0,0,0,0,0,0,0,0,0
21229,0,0,0,0,0,0,0,0,0,0,0,0,0,0,0,0,0,0,0,0
21231,0,0,0,0,0,0,0,0,0,0,0,0,0,0,0,0,0,0,0,0
21233,0,0,0,0,0,0,0,0,0,0,0,0,0,0,0,0,0,0,0,0
21235,0,0,0,0,0,0,0,0,0,0,0,0,0,0,0,0,0,0,0,0
21237,0,0,0,0,0,0,0,0,0,0,0,0,0,0,0,0,0,0,0,0
21239,0,0,0,0,0,0,0,0,0,0,0,0,0,0,0,0,0,0,0,0
22001,0,0,0,0,0,0,0,0,0,0,0,0,0,0,0,0,0,0,0,0
22003,0,0,0,0,0,0,0,0,0,0,0,0,0,0,0,0,0,0,0,0
22005,0,0,0,0,0,0,0,0,0,0,0,0,0,0,0,0,0,0,0,0
22007,0,0,0,0,0,0,0,0,0,0,0,0,0,0,0,0,0,0,0,0
22009,0,0,0,0,0,0,0,0,0,0,0,0,0,0,0,0,0,0,0,0
22011,0,0,0,0,0,0,0,0,0,0,0,0,0,0,0,0,0,0,0,0
22013,0,0,0,0,0,0,0,0,0,0,0,0,0,0,0,0,0,0,0,0
22015,0,0,0,0,0,0,0,0,0,0,0,0,0,0,0,0,0,0,0,0
22017,0,0,0,0,0,0,0,0,0,0,0,0,0,0,0,0,0,0,0,0
22019,0,0,0,0,0,0,0,0,0,0,0,0,0,0,0,0,0,0,0,0
22021,0,0,0,0,0,0,0,0,0,0,0,0,0,0,0,0,0,0,0,0
22023,0,0,0,0,0,0,0,0,0,0,0,0,0,0,0,0,0,0,0,0
22025,0,0,0,0,0,0,0,0,0,0,0,0,0,0,0,0,0,0,0,0
22027,0,0,0,0,0,0,0,0,0,0,0,0,0,0,0,0,0,0,0,0
22029,0,0,0,0,0,0,0,0,0,0,0,0,0,0,0,0,0,0,0,0
22031,0,0,0,0,0,0,0,0,0,0,0,0,0,0,0,0,0,0,0,0
22033,0,0,0,0,0,0,0,0,0,0,0,0,0,0,0,0,0,0,0,0
22035,0,0,0,0,0,0,0,0,0,0,0,0,0,0,0,0,0,0,0,0
22037,0,0,0,0,0,0,0,0,0,0,0,0,0,0,0,0,0,0,0,0
22039,0,0,0,0,0,0,0,0,0,0,0,0,0,0,0,0,0,0,0,0
22041,0,0,0,0,0,0,0,0,0,0,0,0,0,0,0,0,0,0,0,0
22043,0,0,0,0,0,0,0,0,0,0,0,0,0,0,0,0,0,0,0,0
22045,0,0,0,0,0,0,0,0,0,0,0,0,0,0,0,0,0,0,0,0
22047,0,0,0,0,0,0,0,0,0,0,0,0,0,0,0,0,0,0,0,0
22049,0,0,0,0,0,0,0,0,0,0,0,0,0,0,0,0,0,0,0,0
22051,0,0,0,0,0,0,0,0,0,0,0,0,0,0,0,0,0,0,0,0
22053,0,0,0,0,0,0,0,0,0,0,0,0,0,0,0,0,0,0,0,0
22055,0,0,0,0,0,0,0,0,0,0,0,0,0,0,0,0,0,0,0,0
22057,0,0,0,0,0,0,0,0,0,0,0,0,0,0,0,0,0,0,0,0
22059,0,0,0,0,0,0,0,0,0,0,0,0,0,0,0,0,0,0,0,0
22061,0,0,0,0,0,0,0,0,0,0,0,0,0,0,0,0,0,0,0,0
22063,0,0,0,0,0,0,0,0,0,0,0,0,0,0,0,0,0,0,0,0
22065,0,0,0,0,0,0,0,0,0,0,0,0,0,0,0,0,0,0,0,0
22067,0,0,0,0,0,0,0,0,0,0,0,0,0,0,0,0,0,0,0,0
22069,0,0,0,0,0,0,0,0,0,0,0,0,0,0,0,0,0,0,0,0
22071,0,0,0,0,0,0,0,0,0,0,0,0,0,0,0,0,0,0,0,0
22073,0,0,0,0,0,0,0,0,0,0,0,0,0,0,0,0,0,0,0,0
22075,0,0,0,0,0,0,0,0,0,0,0,0,0,0,0,0,0,0,0,0
22077,0,0,0,0,0,0,0,0,0,0,0,0,0,0,0,0,0,0,0,0
22079,0,0,0,0,0,0,0,0,0,0,0,0,0,0,0,0,0,0,0,0
22081,0,0,0,0,0,0,0,0,0,0,0,0,0,0,0,0,0,0,0,0
22083,0,0,0,0,0,0,0,0,0,0,0,0,0,0,0,0,0,0,0,0
22085,0,0,0,0,0,0,0,0,0,0,0,0,0,0,0,0,0,0,0,0
22087,0,0,0,0,0,0,0,0,0,0,0,0,0,0,0,0,0,0,0,0
22089,0,0,0,0,0,0,0,0,0,0,0,0,0,0,0,0,0,0,0,0
22091,0,0,0,0,0,0,0,0,0,0,0,0,0,0,0,0,0,0,0,0
22093,0,0,0,0,0,0,0,0,0,0,0,0,0,0,0,0,0,0,0,0
22095,0,0,0,0,0,0,0,0,0,0,0,0,0,0,0,0,0,0,0,0
22097,0,0,0,0,0,0,0,0,0,0,0,0,0,0,0,0,0,0,0,0
22099,0,0,0,0,0,0,0,0,0,0,0,0,0,0,0,0,0,0,0,0
22101,0,0,0,0,0,0,0,0,0,0,0,0,0,0,0,0,0,0,0,0
22103,0,0,0,0,0,0,0,0,0,0,0,0,0,0,0,0,0,0,0,0
22105,0,0,0,0,0,0,0,0,0,0,0,0,0,0,0,0,0,0,0,0
22107,0,0,0,0,0,0,0,0,0,0,0,0,0,0,0,0,0,0,0,0
22109,0,0,0,0,0,0,0,0,0,0,0,0,0,0,0,0,0,0,0,0
22111,0,0,0,0,0,0,0,0,0,0,0,0,0,0,0,0,0,0,0,0
22113,0,0,0,0,0,0,0,0,0,0,0,0,0,0,0,0,0,0,0,0
22115,0,0,0,0,0,0,0,0,0,0,0,0,0,0,0,0,0,0,0,0
22117,0,0,0,0,0,0,0,0,0,0,0,0,0,0,0,0,0,0,0,0
22119,0,0,0,0,0,0,0,0,0,0,0,0,0,0,0,0,0,0,0,0
22121,0,0,0,0,0,0,0,0,0,0,0,0,0,0,0,0,0,0,0,0
22123,0,0,0,0,0,0,0,0,0,0,0,0,0,0,0,0,0,0,0,0
22125,0,0,0,0,0,0,0,0,0,0,0,0,0,0,0,0,0,0,0,0
22127,0,0,0,0,0,0,0,0,0,0,0,0,0,0,0,0,0,0,0,0
23001,0,0,0,0,0,0,0,0,0,0,0,0,0,0,0,0,0,0,0,0
23003,0,0,0,0,0,0,0,0,0,0,0,0,0,0,0,0,0,0,0,0
23005,0,0,0,0,0,0,0,0,0,0,0,0,0,0,0,0,0,0,0,0
23007,0,0,0,0,0,0,0,0,0,0,0,0,0,0,0,0,0,0,0,0
23009,0,0,0,0,0,0,0,0,0,0,0,0,0,0,0,0,0,0,0,0
23011,0,0,0,0,0,0,0,0,0,0,0,0,0,0,0,0,0,0,0,0
23013,0,0,0,0,0,0,0,0,0,0,0,0,0,0,0,0,0,0,0,0
23015,0,0,0,0,0,0,0,0,0,0,0,0,0,0,0,0,0,0,0,0
23017,0,0,0,0,0,0,0,0,0,0,0,0,0,0,0,0,0,0,0,0
23019,0,0,0,0,0,0,0,0,0,0,0,0,0,0,0,0,0,0,0,0
23021,0,0,0,0,0,0,0,0,0,0,0,0,0,0,0,0,0,0,0,0
23023,0,0,0,0,0,0,0,0,0,0,0,0,0,0,0,0,0,0,0,0
23025,0,0,0,0,0,0,0,0,0,0,0,0,0,0,0,0,0,0,0,0
23027,0,0,0,0,0,0,0,0,0,0,0,0,0,0,0,0,0,0,0,0
23029,0,0,0,0,0,0,0,0,0,0,0,0,0,0,0,0,0,0,0,0
23031,0,0,0,0,0,0,0,0,0,0,0,0,0,0,0,0,0,0,0,0
24001,0,0,0,0,0,0,0,0,0,0,0,0,0,0,0,0,0,0,0,0
24003,0,0,0,0,0,0,0,0,0,0,0,0,0,0,0,0,0,0,0,0
24005,0,0,0,0,0,0,0,0,0,0,0,0,0,0,0,0,0,0,0,0
24009,0,0,0,0,0,0,0,0,0,0,0,0,0,0,0,0,0,0,0,0
24011,0,0,0,0,0,0,0,0,0,0,0,0,0,0,0,0,0,0,0,0
24013,0,0,0,0,0,0,0,0,0,0,0,0,0,0,0,0,0,0,0,0
24015,0,0,0,0,0,0,0,0,0,0,0,0,0,0,0,0,0,0,0,0
24017,0,0,0,0,0,0,0,0,0,0,0,0,0,0,0,0,0,0,0,0
24019,0,0,0,0,0,0,0,0,0,0,0,0,0,0,0,0,0,0,0,0
24021,0,0,0,0,0,0,0,0,0,0,0,0,0,0,0,0,0,0,0,0
24023,0,0,0,0,0,0,0,0,0,0,0,0,0,0,0,0,0,0,0,0
24025,0,0,0,0,0,0,0,0,0,0,0,0,0,0,0,0,0,0,0,0
24027,0,0,0,0,0,0,0,0,0,0,0,0,0,0,0,0,0,0,0,0
24029,0,0,0,0,0,0,0,0,0,0,0,0,0,0,0,0,0,0,0,0
24031,0,0,0,0,0,0,0,0,0,0,0,0,0,0,0,0,0,0,0,0
24033,0,0,0,0,0,0,0,0,0,0,0,0,0,0,0,0,0,0,0,0
24035,0,0,0,0,0,0,0,0,0,0,0,0,0,0,0,0,0,0,0,0
24037,0,0,0,0,0,0,0,0,0,0,0,0,0,0,0,0,0,0,0,0
24039,0,0,0,0,0,0,0,0,0,0,0,0,0,0,0,0,0,0,0,0
24041,0,0,0,0,0,0,0,0,0,0,0,0,0,0,0,0,0,0,0,0
24043,0,0,0,0,0,0,0,0,0,0,0,0,0,0,0,0,0,0,0,0
24045,0,0,0,0,0,0,0,0,0,0,0,0,0,0,0,0,0,0,0,0
24047,0,0,0,0,0,0,0,0,0,0,0,0,0,0,0,0,0,0,0,0
24510,0,0,0,0,0,0,0,0,0,0,0,0,0,0,0,0,0,0,0,0
25001,0,0,0,0,0,0,0,0,0,0,0,0,0,0,0,0,0,0,0,0
25003,0,0,0,0,0,0,0,0,0,0,0,0,0,0,0,0,0,0,0,0
25005,0,0,0,0,0,0,0,0,0,0,0,0,0,0,0,0,0,0,0,0
25007,0,0,0,0,0,0,0,0,0,0,0,0,0,0,0,0,0,0,0,0
25009,0,0,0,0,0,0,0,0,0,0,0,0,0,0,0,0,0,0,0,0
25011,0,0,0,0,0,0,0,0,0,0,0,0,0,0,0,0,0,0,0,0
25013,0,0,0,0,0,0,0,0,0,0,0,0,0,0,0,0,0,0,0,0
25015,0,0,0,0,0,0,0,0,0,0,0,0,0,0,0,0,0,0,0,0
25017,0,0,0,0,0,0,0,0,0,0,0,0,0,0,0,0,0,0,0,0
25019,0,0,0,0,0,0,0,0,0,0,0,0,0,0,0,0,0,0,0,0
25021,0,0,0,0,0,0,0,0,0,0,0,0,0,0,0,0,0,0,0,0
25023,0,0,0,0,0,0,0,0,0,0,0,0,0,0,0,0,0,0,0,0
25025,0,0,0,0,0,0,0,0,0,0,0,0,0,0,0,0,0,0,0,0
25027,0,0,0,0,0,0,0,0,0,0,0,0,0,0,0,0,0,0,0,0
26001,0,0,0,0,0,0,0,0,0,0,0,0,0,0,0,0,0,0,0,0
26003,0,0,0,0,0,0,0,0,0,0,0,0,0,0,0,0,0,0,0,0
26005,0,0,0,0,0,0,0,0,0,0,0,0,0,0,0,0,0,0,0,0
26007,0,0,0,0,0,0,0,0,0,0,0,0,0,0,0,0,0,0,0,0
26009,0,0,0,0,0,0,0,0,0,0,0,0,0,0,0,0,0,0,0,0
26011,0,0,0,0,0,0,0,0,0,0,0,0,0,0,0,0,0,0,0,0
26013,0,0,0,0,0,0,0,0,0,0,0,0,0,0,0,0,0,0,0,0
26015,0,0,0,0,0,0,0,0,0,0,0,0,0,0,0,0,0,0,0,0
26017,0,0,0,0,0,0,0,0,0,0,0,0,0,0,0,0,0,0,0,0
26019,0,0,0,0,0,0,0,0,0,0,0,0,0,0,0,0,0,0,0,0
26021,0,0,0,0,0,0,0,0,0,0,0,0,0,0,0,0,0,0,0,0
26023,0,0,0,0,0,0,0,0,0,0,0,0,0,0,0,0,0,0,0,0
26025,0,0,0,0,0,0,0,0,0,0,0,0,0,0,0,0,0,0,0,0
26027,0,0,0,0,0,0,0,0,0,0,0,0,0,0,0,0,0,0,0,0
26029,0,0,0,0,0,0,0,0,0,0,0,0,0,0,0,0,0,0,0,0
26031,0,0,0,0,0,0,0,0,0,0,0,0,0,0,0,0,0,0,0,0
26033,0,0,0,0,0,0,0,0,0,0,0,0,0,0,0,0,0,0,0,0
26035,0,0,0,0,0,0,0,0,0,0,0,0,0,0,0,0,0,0,0,0
26037,0,0,0,0,0,0,0,0,0,0,0,0,0,0,0,0,0,0,0,0
26039,0,0,0,0,0,0,0,0,0,0,0,0,0,0,0,0,0,0,0,0
26041,0,0,0,0,0,0,0,0,0,0,0,0,0,0,0,0,0,0,0,0
26043,0,0,0,0,0,0,0,0,0,0,0,0,0,0,0,0,0,0,0,0
26045,0,0,0,0,0,0,0,0,0,0,0,0,0,0,0,0,0,0,0,0
26047,0,0,0,0,0,0,0,0,0,0,0,0,0,0,0,0,0,0,0,0
26049,0,0,0,0,0,0,0,0,0,0,0,0,0,0,0,0,0,0,0,0
26051,0,0,0,0,0,0,0,0,0,0,0,0,0,0,0,0,0,0,0,0
26053,0,0,0,0,0,0,0,0,0,0,0,0,0,0,0,0,0,0,0,0
26055,0,0,0,0,0,0,0,0,0,0,0,0,0,0,0,0,0,0,0,0
26057,0,0,0,0,0,0,0,0,0,0,0,0,0,0,0,0,0,0,0,0
26059,0,0,0,0,0,0,0,0,0,0,0,0,0,0,0,0,0,0,0,0
26061,0,0,0,0,0,0,0,0,0,0,0,0,0,0,0,0,0,0,0,0
26063,0,0,0,0,0,0,0,0,0,0,0,0,0,0,0,0,0,0,0,0
26065,0,0,0,0,0,0,0,0,0,0,0,0,0,0,0,0,0,0,0,0
26067,0,0,0,0,0,0,0,0,0,0,0,0,0,0,0,0,0,0,0,0
26069,0,0,0,0,0,0,0,0,0,0,0,0,0,0,0,0,0,0,0,0
26071,0,0,0,0,0,0,0,0,0,0,0,0,0,0,0,0,0,0,0,0
26073,0,0,0,0,0,0,0,0,0,0,0,0,0,0,0,0,0,0,0,0
26075,0,0,0,0,0,0,0,0,0,0,0,0,0,0,0,0,0,0,0,0
26077,0,0,0,0,0,0,0,0,0,0,0,0,0,0,0,0,0,0,0,0
26079,0,0,0,0,0,0,0,0,0,0,0,0,0,0,0,0,0,0,0,0
26081,0,0,0,0,0,0,0,0,0,0,0,0,0,0,0,0,0,0,0,0
26083,0,0,0,0,0,0,0,0,0,0,0,0,0,0,0,0,0,0,0,0
26085,0,0,0,0,0,0,0,0,0,0,0,0,0,0,0,0,0,0,0,0
26087,0,0,0,0,0,0,0,0,0,0,0,0,0,0,0,0,0,0,0,0
26089,0,0,0,0,0,0,0,0,0,0,0,0,0,0,0,0,0,0,0,0
26091,0,0,0,0,0,0,0,0,0,0,0,0,0,0,0,0,0,0,0,0
26093,0,0,0,0,0,0,0,0,0,0,0,0,0,0,0,0,0,0,0,0
26095,0,0,0,0,0,0,0,0,0,0,0,0,0,0,0,0,0,0,0,0
26097,0,0,0,0,0,0,0,0,0,0,0,0,0,0,0,0,0,0,0,0
26099,0,0,0,0,0,0,0,0,0,0,0,0,0,0,0,0,0,0,0,0
26101,0,0,0,0,0,0,0,0,0,0,0,0,0,0,0,0,0,0,0,0
26103,0,0,0,0,0,0,0,0,0,0,0,0,0,0,0,0,0,0,0,0
26105,0,0,0,0,0,0,0,0,0,0,0,0,0,0,0,0,0,0,0,0
26107,0,0,0,0,0,0,0,0,0,0,0,0,0,0,0,0,0,0,0,0
26109,0,0,0,0,0,0,0,0,0,0,0,0,0,0,0,0,0,0,0,0
26111,0,0,0,0,0,0,0,0,0,0,0,0,0,0,0,0,0,0,0,0
26113,0,0,0,0,0,0,0,0,0,0,0,0,0,0,0,0,0,0,0,0
26115,0,0,0,0,0,0,0,0,0,0,0,0,0,0,0,0,0,0,0,0
26117,0,0,0,0,0,0,0,0,0,0,0,0,0,0,0,0,0,0,0,0
26119,0,0,0,0,0,0,0,0,0,0,0,0,0,0,0,0,0,0,0,0
26121,0,0,0,0,0,0,0,0,0,0,0,0,0,0,0,0,0,0,0,0
26123,0,0,0,0,0,0,0,0,0,0,0,0,0,0,0,0,0,0,0,0
26125,0,0,0,0,0,0,0,0,0,0,0,0,0,0,0,0,0,0,0,0
26127,0,0,0,0,0,0,0,0,0,0,0,0,0,0,0,0,0,0,0,0
26129,0,0,0,0,0,0,0,0,0,0,0,0,0,0,0,0,0,0,0,0
26131,0,0,0,0,0,0,0,0,0,0,0,0,0,0,0,0,0,0,0,0
26133,0,0,0,0,0,0,0,0,0,0,0,0,0,0,0,0,0,0,0,0
26135,0,0,0,0,0,0,0,0,0,0,0,0,0,0,0,0,0,0,0,0
26137,0,0,0,0,0,0,0,0,0,0,0,0,0,0,0,0,0,0,0,0
26139,0,0,0,0,0,0,0,0,0,0,0,0,0,0,0,0,0,0,0,0
26141,0,0,0,0,0,0,0,0,0,0,0,0,0,0,0,0,0,0,0,0
26143,0,0,0,0,0,0,0,0,0,0,0,0,0,0,0,0,0,0,0,0
26145,0,0,0,0,0,0,0,0,0,0,0,0,0,0,0,0,0,0,0,0
26147,0,0,0,0,0,0,0,0,0,0,0,0,0,0,0,0,0,0,0,0
26149,0,0,0,0,0,0,0,0,0,0,0,0,0,0,0,0,0,0,0,0
26151,0,0,0,0,0,0,0,0,0,0,0,0,0,0,0,0,0,0,0,0
26153,0,0,0,0,0,0,0,0,0,0,0,0,0,0,0,0,0,0,0,0
26155,0,0,0,0,0,0,0,0,0,0,0,0,0,0,0,0,0,0,0,0
26157,0,0,0,0,0,0,0,0,0,0,0,0,0,0,0,0,0,0,0,0
26159,0,0,0,0,0,0,0,0,0,0,0,0,0,0,0,0,0,0,0,0
26161,0,0,0,0,0,0,0,0,0,0,0,0,0,0,0,0,0,0,0,0
26163,0,0,0,0,0,0,0,0,0,0,0,0,0,0,0,0,0,0,0,0
26165,0,0,0,0,0,0,0,0,0,0,0,0,0,0,0,0,0,0,0,0
27001,0,0,0,0,0,0,0,0,0,0,0,0,0,0,0,0,0,0,0,0
27003,2.20417065364306e-09,0.000152683479953599,0,0,0,0,0,0,0,0,0,0,0,0,0,0,0,0,0,0
27005,2.68858758489312e-05,0.00248815606931504,0,0,4.02408166987083e-05,0,1.10043717411692e-06,0.0005615810006851,0,8.27605573763593e-05,0.000150133895027822,0,0,1.26700059892628e-06,2.03233607364864e-07,0.00335183760920975,0.000239988937220619,8.45562894780478e-06,0,0.00142623105070092
27007,0,1.24322518609881e-08,0,0,2.40816745241224e-08,0,2.67062432099085e-08,1.00371727551367e-06,0,0,0,0,0,0,0,7.83408597123788e-09,0,0,0,3.58845899949663e-09
27009,0,0,0,0,0,0,0,0,0,0,0,0,0,0,0,0,0,0,0,0
27011,2.08766879325339e-07,0.000588482447529606,0,5.53399343967714e-09,4.63993752161785e-07,0,3.52911155536863e-08,1.25899399609202e-05,0,4.8714991925962e-08,7.9038851718453e-06,0,0,6.00829887868371e-09,3.6978579450316e-09,0.000692077884993369,4.07119153924229e-06,1.38963992556262e-06,0,7.43850324552268e-05
27013,0,0,0,0,0,0,0,0,0,0,0,0,0,0,0,0,0,0,0,0
27015,0,0,0,0,0,0,0,0,0,0,0,0,0,0,0,0,0,0,0,0
27017,0,0,0,0,0,0,0,0,0,0,0,0,0,0,0,0,0,0,0,0
27019,0,0,0,0,0,0,0,0,0,0,0,0,0,0,0,0,0,0,0,0
27021,0,0,0,0,0,0,0,0,0,0,0,0,0,0,0,0,0,0,0,0
27023,0,4.12782845048988e-05,0,0,4.17511796288488e-07,0,2.11920303298243e-06,4.61519215640374e-06,0,0,6.84310807468539e-06,0,0,0,1.04461149972398e-09,0.000152824271430231,3.54190596943491e-05,0,0,3.91064817376133e-06
27025,2.86188291983723e-10,3.04268656001321e-06,0,0,0,0,0,0,0,0,0,0,0,0,0,0,0,0,0,0
27027,5.50516774539946e-06,0.000305994227388886,0,2.14360995949289e-09,6.38630105921656e-07,0,1.5333828562083e-07,4.03321452402668e-05,0,9.80484340610582e-07,7.68146357456167e-06,0,0,5.73942620207339e-07,0,0.000541223849987714,0.000162377031726989,3.3279099428573e-05,0,0.000222268520422611
27029,0,0,0,0,0,0,0,0,0,0,0,0,0,0,0,0,0,0,0,0
27031,0,0,0,0,0,0,0,0,0,0,0,0,0,0,0,0,0,0,0,0
27033,0,0,0,0,0,0,0,0,0,0,0,0,0,0,0,0,0,0,0,0
27035,0,0,0,0,0,0,0,0,0,0,0,0,0,0,0,0,0,0,0,0
27037,5.32535103176443e-07,0.00729772218843906,0,0,0,0,0,0,0,0,0,0,0,0,0,0,0,0,0,0
27039,0,0,0,0,0,0,0,0,0,0,0,0,0,0,0,0,0,0,0,0
27041,0,0,0,0,0,0,0,0,0,0,0,0,0,0,0,0,0,0,0,0
27043,0,0,0,0,0,0,0,0,0,0,0,0,0,0,0,0,0,0,0,0
27045,0,0,0,0,0,0,0,0,0,0,0,0,0,0,0,0,0,0,0,0
27047,0,0,0,0,0,0,0,0,0,0,0,0,0,0,0,0,0,0,0,0
27049,0,0,0,0,0,0,0,0,0,0,0,0,0,0,0,0,0,0,0,0
27051,0,0.000900602859712656,0,1.23341432511677e-08,2.62162390884068e-06,0,8.77296297469025e-08,2.73376194564139e-05,0,7.37421423278749e-08,2.31008015019051e-05,0,0,1.91259834772174e-08,4.06578017127916e-09,0.000986869730080402,6.29572445176309e-05,1.58516113074019e-06,0,0.000108225269540614
27053,0,0,0,0,0,0,0,0,0,0,0,0,0,0,0,0,0,0,0,0
27055,0,0,0,0,0,0,0,0,0,0,0,0,0,0,0,0,0,0,0,0
27057,7.00104057004665e-07,0.000813285995579115,0,0,0.000768484856912685,4.03993242844022e-05,5.2663817663851e-06,0.0046819961844011,0,0.00132084755559155,0.00333683143374427,0,0,5.59040743800549e-05,2.74306853540231e-06,0.00106606942317857,0,6.20482990044405e-05,0,0.00091838412987039
27059,2.98916103354469e-09,0.000108746829038692,0,0,0,0,0,0,0,0,0,0,0,0,0,0,0,0,0,0
27061,0,0,0,0,0,0,0,0,0,0,0,0,0,0,0,0,0,0,0,0
27063,0,0,0,0,0,0,0,0,0,0,0,0,0,0,0,0,0,0,0,0
27065,0,0,0,0,0,0,0,0,0,0,0,0,0,0,0,0,0,0,0,0
27067,0,0,0,0,0,0,0,0,0,0,0,0,0,0,0,0,0,0,0,0
27069,2.42017994681742e-06,9.88656347248068e-06,0,0,4.78149262680839e-07,5.96651518304306e-09,3.11549574078913e-07,2.07709270608171e-05,0,3.04532186242775e-08,1.28811228684145e-06,2.78776801840977e-06,0,2.30550409440705e-07,0,0.000102945105930679,1.95207420061246e-05,7.84302379357015e-06,0,9.71364316520773e-05
27071,0,0,0,0,0,0,0,0,0,0,0,0,0,0,0,0,0,0,0,0
27073,0,0.000153879408064745,0,1.39418551940608e-10,3.98127819601e-07,0,2.50836450899038e-09,9.5058859019499e-06,0,1.90537012819693e-09,5.57869127673896e-07,0,0,1.90092047869883e-09,1.66778885725781e-10,0.000208091198300959,1.57032348783257e-06,2.68678919798104e-07,0,6.73453223424583e-06
27075,0,0,0,0,0,0,0,0,0,0,0,0,0,0,0,0,0,0,0,0
27077,0,0,0,0,0,0,0,0,0,0,0,0,0,0,0,0,0,0,0,0
27079,0,0,0,0,0,0,0,0,0,0,0,0,0,0,0,0,0,0,0,0
27081,0,0,0,0,0,0,0,0,0,0,0,0,0,0,0,0,0,0,0,0
27083,0,0,0,0,0,0,0,0,0,0,0,0,0,0,0,0,0,0,0,0
27085,0,0,0,0,0,0,0,0,0,0,0,0,0,0,0,0,0,0,0,0
27087,2.45448060359519e-08,2.73096415059517e-05,0,1.40500829783318e-09,5.44444644020028e-07,0,0,1.25874900647177e-05,0,0,1.56982169043875e-06,0,0,8.05302624842145e-09,0,3.62767869539566e-05,1.31496934277882e-06,0,0,1.68954992294452e-05
27089,1.12900235658053e-06,3.46279585036754e-06,0,7.77893564858158e-11,4.31152879703986e-08,4.62771287692147e-10,2.50352500211176e-07,3.56732475647969e-06,0,1.10473486940947e-08,8.00969359000283e-07,1.22950886439902e-07,0,2.43423580576296e-09,1.21834598384887e-14,2.10921099543356e-05,3.43144734500246e-06,7.62318569872292e-07,0,1.90104290280792e-05
27091,0,0,0,0,0,0,0,0,0,0,0,0,0,0,0,0,0,0,0,0
27093,0,0,0,0,0,0,0,0,0,0,0,0,0,0,0,0,0,0,0,0
27095,0,0,0,0,0,0,0,0,0,0,0,0,0,0,0,0,0,0,0,0
27097,0,0,0,0,0,0,0,0,0,0,0,0,0,0,0,0,0,0,0,0
27099,0,0,0,0,0,0,0,0,0,0,0,0,0,0,0,0,0,0,0,0
27101,0,0,0,0,0,0,0,0,0,0,0,0,0,0,0,0,0,0,0,0
27103,0,0,0,0,0,0,0,0,0,0,0,0,0,0,0,0,0,0,0,0
27105,0,0,0,0,0,0,0,0,0,0,0,0,0,0,0,0,0,0,0,0
27107,8.93467510070337e-07,2.26830224044521e-05,0,0,3.81477841100444e-08,0,1.00717910004363e-07,3.6542990013241e-06,0,6.11945049852811e-10,4.99461618804527e-07,0,0,6.11621275822629e-08,4.29662463935266e-10,4.3935476870729e-05,1.32444465403306e-05,1.20696045584497e-06,0,3.1095430344921e-05
27109,0,0,0,0,0,0,0,0,0,0,0,0,0,0,0,0,0,0,0,0
27111,9.84581227190914e-05,0.0229283318178353,0,1.32491809161649e-07,0.000771002446454669,0.000126001826196161,3.16683725134843e-05,0.0112927617080128,0,0.000782050440388341,0.00176709867068059,0,0,3.79635190552619e-05,0,0.0235600983532459,0.000306296046681097,0.000138401639271042,0,0.00542636746935485
27113,0,0,0,0,0,0,0,0,0,0,0,0,0,0,0,0,0,0,0,0
27115,0,0,0,0,0,0,0,0,0,0,0,0,0,0,0,0,0,0,0,0
27117,0,0,0,0,0,0,0,0,0,0,0,0,0,0,0,0,0,0,0,0
27119,2.24069670531657e-06,4.43650596870118e-05,0,1.39248953452804e-10,8.71189121197956e-07,8.34947656222403e-08,4.08388047201283e-06,5.52621177544796e-05,0,1.07606595161923e-06,4.01340776518624e-05,6.48632897680027e-08,0,7.96938253963356e-08,0,0.000173356983733423,5.56961819897724e-05,1.23433264347107e-05,0,0.000150594625256501
27121,0,0,0,0,0,0,0,0,0,0,0,0,0,0,0,0,0,0,0,0
27123,2.29395500774073e-09,3.04759833406171e-07,0,0,0,0,0,0,0,0,0,0,0,0,0,0,0,0,0,0
27125,0,0,0,0,0,0,0,0,0,0,0,0,0,0,0,0,0,0,0,0
27127,0,0,0,0,0,0,0,0,0,0,0,0,0,0,0,0,0,0,0,0
27129,0,0,0,0,0,0,0,0,0,0,0,0,0,0,0,0,0,0,0,0
27131,0,0,0,0,0,0,0,0,0,0,0,0,0,0,0,0,0,0,0,0
27133,0,0,0,0,0,0,0,0,0,0,0,0,0,0,0,0,0,0,0,0
27135,0,0,0,0,0,0,0,0,0,0,0,0,0,0,0,0,0,0,0,0
27137,0,0,0,0,0,0,0,0,0,0,0,0,0,0,0,0,0,0,0,0
27139,0,0,0,0,0,0,0,0,0,0,0,0,0,0,0,0,0,0,0,0
27141,0,0,0,0,0,0,0,0,0,0,0,0,0,0,0,0,0,0,0,0
27143,0,0,0,0,0,0,0,0,0,0,0,0,0,0,0,0,0,0,0,0
27145,0,0,0,0,0,0,0,0,0,0,0,0,0,0,0,0,0,0,0,0
27147,0,0,0,0,0,0,0,0,0,0,0,0,0,0,0,0,0,0,0,0
27149,0,0.00326874849147491,0,1.34070177161116e-07,3.2075093750807e-06,0,7.83475287326171e-07,0.000227605305698065,0,6.8081645348817e-07,0.000270441180549924,0,0,0,0,0.002652418976733,0.000109908604523009,1.96422474914537e-05,0,0.000228914539818111
27151,0,0.000184579599038893,0,3.4503038488181e-09,3.5371350203766e-07,0,5.18976328334621e-09,4.48683426925977e-06,0,2.17817772264521e-09,9.57571980687241e-07,0,0,0,1.18521142952721e-09,0.000205912303160592,8.07590204303821e-07,5.85786659285695e-07,0,1.26775504288177e-05
27153,0,0,0,0,0,0,0,0,0,0,0,0,0,0,0,0,0,0,0,0
27155,0,0,0,0,0,0,0,0,0,0,0,0,0,0,0,0,0,0,0,0
27157,0,0,0,0,0,0,0,0,0,0,0,0,0,0,0,0,0,0,0,0
27159,0,0,0,0,0,0,0,0,0,0,0,0,0,0,0,0,0,0,0,0
27161,0,0,0,0,0,0,0,0,0,0,0,0,0,0,0,0,0,0,0,0
27163,3.14975187166142e-09,1.221769080183e-05,0,0,0,0,0,0,0,0,0,0,0,0,0,0,0,0,0,0
27165,0,0,0,0,0,0,0,0,0,0,0,0,0,0,0,0,0,0,0,0
27167,3.23595439301357e-06,0.000102285244577076,0,7.04405507584205e-10,1.46361797899401e-07,0,1.3376105277868e-08,6.57639808990891e-06,0,3.2547563768684e-08,2.78998922962282e-07,0,0,1.10010660178559e-07,0,0.000151295702272028,3.73399735657745e-05,2.36441489823744e-06,0,6.93718814478322e-05
27169,0,0,0,0,0,0,0,0,0,0,0,0,0,0,0,0,0,0,0,0
27171,0,0,0,0,0,0,0,0,0,0,0,0,0,0,0,0,0,0,0,0
27173,0,0,0,0,0,0,0,0,0,0,0,0,0,0,0,0,0,0,0,0
28001,0,0,0,0,0,0,0,0,0,0,0,0,0,0,0,0,0,0,0,0
28003,0,0,0,0,0,0,0,0,0,0,0,0,0,0,0,0,0,0,0,0
28005,0,0,0,0,0,0,0,0,0,0,0,0,0,0,0,0,0,0,0,0
28007,0,0,0,0,0,0,0,0,0,0,0,0,0,0,0,0,0,0,0,0
28009,0,0,0,0,0,0,0,0,0,0,0,0,0,0,0,0,0,0,0,0
28011,0,0,0,0,0,0,0,0,0,0,0,0,0,0,0,0,0,0,0,0
28013,0,0,0,0,0,0,0,0,0,0,0,0,0,0,0,0,0,0,0,0
28015,0,0,0,0,0,0,0,0,0,0,0,0,0,0,0,0,0,0,0,0
28017,0,0,0,0,0,0,0,0,0,0,0,0,0,0,0,0,0,0,0,0
28019,0,0,0,0,0,0,0,0,0,0,0,0,0,0,0,0,0,0,0,0
28021,0,0,0,0,0,0,0,0,0,0,0,0,0,0,0,0,0,0,0,0
28023,0,0,0,0,0,0,0,0,0,0,0,0,0,0,0,0,0,0,0,0
28025,0,0,0,0,0,0,0,0,0,0,0,0,0,0,0,0,0,0,0,0
28027,0,0,0,0,0,0,0,0,0,0,0,0,0,0,0,0,0,0,0,0
28029,0,0,0,0,0,0,0,0,0,0,0,0,0,0,0,0,0,0,0,0
28031,0,0,0,0,0,0,0,0,0,0,0,0,0,0,0,0,0,0,0,0
28033,0,0,0,0,0,0,0,0,0,0,0,0,0,0,0,0,0,0,0,0
28035,0,0,0,0,0,0,0,0,0,0,0,0,0,0,0,0,0,0,0,0
28037,0,0,0,0,0,0,0,0,0,0,0,0,0,0,0,0,0,0,0,0
28039,0,0,0,0,0,0,0,0,0,0,0,0,0,0,0,0,0,0,0,0
28041,0,0,0,0,0,0,0,0,0,0,0,0,0,0,0,0,0,0,0,0
28043,0,0,0,0,0,0,0,0,0,0,0,0,0,0,0,0,0,0,0,0
28045,0,0,0,0,0,0,0,0,0,0,0,0,0,0,0,0,0,0,0,0
28047,0,0,0,0,0,0,0,0,0,0,0,0,0,0,0,0,0,0,0,0
28049,0,0,0,0,0,0,0,0,0,0,0,0,0,0,0,0,0,0,0,0
28051,0,0,0,0,0,0,0,0,0,0,0,0,0,0,0,0,0,0,0,0
28053,0,0,0,0,0,0,0,0,0,0,0,0,0,0,0,0,0,0,0,0
28055,0,0,0,0,0,0,0,0,0,0,0,0,0,0,0,0,0,0,0,0
28057,0,0,0,0,0,0,0,0,0,0,0,0,0,0,0,0,0,0,0,0
28059,0,0,0,0,0,0,0,0,0,0,0,0,0,0,0,0,0,0,0,0
28061,0,0,0,0,0,0,0,0,0,0,0,0,0,0,0,0,0,0,0,0
28063,0,0,0,0,0,0,0,0,0,0,0,0,0,0,0,0,0,0,0,0
28065,0,0,0,0,0,0,0,0,0,0,0,0,0,0,0,0,0,0,0,0
28067,0,0,0,0,0,0,0,0,0,0,0,0,0,0,0,0,0,0,0,0
28069,0,0,0,0,0,0,0,0,0,0,0,0,0,0,0,0,0,0,0,0
28071,0,0,0,0,0,0,0,0,0,0,0,0,0,0,0,0,0,0,0,0
28073,0,0,0,0,0,0,0,0,0,0,0,0,0,0,0,0,0,0,0,0
28075,0,0,0,0,0,0,0,0,0,0,0,0,0,0,0,0,0,0,0,0
28077,0,0,0,0,0,0,0,0,0,0,0,0,0,0,0,0,0,0,0,0
28079,0,0,0,0,0,0,0,0,0,0,0,0,0,0,0,0,0,0,0,0
28081,0,0,0,0,0,0,0,0,0,0,0,0,0,0,0,0,0,0,0,0
28083,0,0,0,0,0,0,0,0,0,0,0,0,0,0,0,0,0,0,0,0
28085,0,0,0,0,0,0,0,0,0,0,0,0,0,0,0,0,0,0,0,0
28087,0,0,0,0,0,0,0,0,0,0,0,0,0,0,0,0,0,0,0,0
28089,0,0,0,0,0,0,0,0,0,0,0,0,0,0,0,0,0,0,0,0
28091,0,0,0,0,0,0,0,0,0,0,0,0,0,0,0,0,0,0,0,0
28093,0,0,0,0,0,0,0,0,0,0,0,0,0,0,0,0,0,0,0,0
28095,0,0,0,0,0,0,0,0,0,0,0,0,0,0,0,0,0,0,0,0
28097,0,0,0,0,0,0,0,0,0,0,0,0,0,0,0,0,0,0,0,0
28099,0,0,0,0,0,0,0,0,0,0,0,0,0,0,0,0,0,0,0,0
28101,0,0,0,0,0,0,0,0,0,0,0,0,0,0,0,0,0,0,0,0
28103,0,0,0,0,0,0,0,0,0,0,0,0,0,0,0,0,0,0,0,0
28105,0,0,0,0,0,0,0,0,0,0,0,0,0,0,0,0,0,0,0,0
28107,0,0,0,0,0,0,0,0,0,0,0,0,0,0,0,0,0,0,0,0
28109,0,0,0,0,0,0,0,0,0,0,0,0,0,0,0,0,0,0,0,0
28111,0,0,0,0,0,0,0,0,0,0,0,0,0,0,0,0,0,0,0,0
28113,0,0,0,0,0,0,0,0,0,0,0,0,0,0,0,0,0,0,0,0
28115,0,0,0,0,0,0,0,0,0,0,0,0,0,0,0,0,0,0,0,0
28117,0,0,0,0,0,0,0,0,0,0,0,0,0,0,0,0,0,0,0,0
28119,0,0,0,0,0,0,0,0,0,0,0,0,0,0,0,0,0,0,0,0
28121,0,0,0,0,0,0,0,0,0,0,0,0,0,0,0,0,0,0,0,0
28123,0,0,0,0,0,0,0,0,0,0,0,0,0,0,0,0,0,0,0,0
28125,0,0,0,0,0,0,0,0,0,0,0,0,0,0,0,0,0,0,0,0
28127,0,0,0,0,0,0,0,0,0,0,0,0,0,0,0,0,0,0,0,0
28129,0,0,0,0,0,0,0,0,0,0,0,0,0,0,0,0,0,0,0,0
28131,0,0,0,0,0,0,0,0,0,0,0,0,0,0,0,0,0,0,0,0
28133,0,0,0,0,0,0,0,0,0,0,0,0,0,0,0,0,0,0,0,0
28135,0,0,0,0,0,0,0,0,0,0,0,0,0,0,0,0,0,0,0,0
28137,0,0,0,0,0,0,0,0,0,0,0,0,0,0,0,0,0,0,0,0
28139,0,0,0,0,0,0,0,0,0,0,0,0,0,0,0,0,0,0,0,0
28141,0,0,0,0,0,0,0,0,0,0,0,0,0,0,0,0,0,0,0,0
28143,0,0,0,0,0,0,0,0,0,0,0,0,0,0,0,0,0,0,0,0
28145,0,0,0,0,0,0,0,0,0,0,0,0,0,0,0,0,0,0,0,0
28147,0,0,0,0,0,0,0,0,0,0,0,0,0,0,0,0,0,0,0,0
28149,0,0,0,0,0,0,0,0,0,0,0,0,0,0,0,0,0,0,0,0
28151,0,0,0,0,0,0,0,0,0,0,0,0,0,0,0,0,0,0,0,0
28153,0,0,0,0,0,0,0,0,0,0,0,0,0,0,0,0,0,0,0,0
28155,0,0,0,0,0,0,0,0,0,0,0,0,0,0,0,0,0,0,0,0
28157,0,0,0,0,0,0,0,0,0,0,0,0,0,0,0,0,0,0,0,0
28159,0,0,0,0,0,0,0,0,0,0,0,0,0,0,0,0,0,0,0,0
28161,0,0,0,0,0,0,0,0,0,0,0,0,0,0,0,0,0,0,0,0
28163,0,0,0,0,0,0,0,0,0,0,0,0,0,0,0,0,0,0,0,0
29001,0,0,0,0,0,0,0,0,0,0,0,0,0,0,0,0,0,0,0,0
29003,0,0,0,0,0,0,0,0,0,0,0,0,0,0,0,0,0,0,0,0
29005,0,0,0,0,0,0,0,0,0,0,0,0,0,0,0,0,0,0,0,0
29007,0,0,0,0,0,0,0,0,0,0,0,0,0,0,0,0,0,0,0,0
29009,0,0,0,0,0,0,0,0,0,0,0,0,0,0,0,0,0,0,0,0
29011,0,0,0,0,0,0,0,0,0,0,0,0,0,0,0,0,0,0,0,0
29013,0,0,0,0,0,0,0,0,0,0,0,0,0,0,0,0,0,0,0,0
29015,0,0,0,0,0,0,0,0,0,0,0,0,0,0,0,0,0,0,0,0
29017,0,0,0,0,0,0,0,0,0,0,0,0,0,0,0,0,0,0,0,0
29019,0,0,0,0,0,0,0,0,0,0,0,0,0,0,0,0,0,0,0,0
29021,0,0,0,0,0,0,0,0,0,0,0,0,0,0,0,0,0,0,0,0
29023,0,0,0,0,0,0,0,0,0,0,0,0,0,0,0,0,0,0,0,0
29025,0,0,0,0,0,0,0,0,0,0,0,0,0,0,0,0,0,0,0,0
29027,0,0,0,0,0,0,0,0,0,0,0,0,0,0,0,0,0,0,0,0
29029,0,0,0,0,0,0,0,0,0,0,0,0,0,0,0,0,0,0,0,0
29031,0,0,0,0,0,0,0,0,0,0,0,0,0,0,0,0,0,0,0,0
29033,0,0,0,0,0,0,0,0,0,0,0,0,0,0,0,0,0,0,0,0
29035,0,0,0,0,0,0,0,0,0,0,0,0,0,0,0,0,0,0,0,0
29037,0,0,0,0,0,0,0,0,0,0,0,0,0,0,0,0,0,0,0,0
29039,0,0,0,0,0,0,0,0,0,0,0,0,0,0,0,0,0,0,0,0
29041,0,0,0,0,0,0,0,0,0,0,0,0,0,0,0,0,0,0,0,0
29043,0,0,0,0,0,0,0,0,0,0,0,0,0,0,0,0,0,0,0,0
29045,0,0,0,0,0,0,0,0,0,0,0,0,0,0,0,0,0,0,0,0
29047,0,0,0,0,0,0,0,0,0,0,0,0,0,0,0,0,0,0,0,0
29049,0,0,0,0,0,0,0,0,0,0,0,0,0,0,0,0,0,0,0,0
29051,0,0,0,0,0,0,0,0,0,0,0,0,0,0,0,0,0,0,0,0
29053,0,0,0,0,0,0,0,0,0,0,0,0,0,0,0,0,0,0,0,0
29055,0,0,0,0,0,0,0,0,0,0,0,0,0,0,0,0,0,0,0,0
29057,0,0,0,0,0,0,0,0,0,0,0,0,0,0,0,0,0,0,0,0
29059,0,0,0,0,0,0,0,0,0,0,0,0,0,0,0,0,0,0,0,0
29061,0,0,0,0,0,0,0,0,0,0,0,0,0,0,0,0,0,0,0,0
29063,0,0,0,0,0,0,0,0,0,0,0,0,0,0,0,0,0,0,0,0
29065,0,0,0,0,0,0,0,0,0,0,0,0,0,0,0,0,0,0,0,0
29067,0,0,0,0,0,0,0,0,0,0,0,0,0,0,0,0,0,0,0,0
29069,0,0,0,0,0,0,0,0,0,0,0,0,0,0,0,0,0,0,0,0
29071,0,0,0,0,0,0,0,0,0,0,0,0,0,0,0,0,0,0,0,0
29073,0,0,0,0,0,0,0,0,0,0,0,0,0,0,0,0,0,0,0,0
29075,0,0,0,0,0,0,0,0,0,0,0,0,0,0,0,0,0,0,0,0
29077,0,0,0,0,0,0,0,0,0,0,0,0,0,0,0,0,0,0,0,0
29079,0,0,0,0,0,0,0,0,0,0,0,0,0,0,0,0,0,0,0,0
29081,0,0,0,0,0,0,0,0,0,0,0,0,0,0,0,0,0,0,0,0
29083,0,0,0,0,0,0,0,0,0,0,0,0,0,0,0,0,0,0,0,0
29085,0,0,0,0,0,0,0,0,0,0,0,0,0,0,0,0,0,0,0,0
29087,0,0,0,0,0,0,0,0,0,0,0,0,0,0,0,0,0,0,0,0
29089,0,0,0,0,0,0,0,0,0,0,0,0,0,0,0,0,0,0,0,0
29091,0,0,0,0,0,0,0,0,0,0,0,0,0,0,0,0,0,0,0,0
29093,0,0,0,0,0,0,0,0,0,0,0,0,0,0,0,0,0,0,0,0
29095,0,0,0,0,0,0,0,0,0,0,0,0,0,0,0,0,0,0,0,0
29097,0,0,0,0,0,0,0,0,0,0,0,0,0,0,0,0,0,0,0,0
29099,0,0,0,0,0,0,0,0,0,0,0,0,0,0,0,0,0,0,0,0
29101,0,0,0,0,0,0,0,0,0,0,0,0,0,0,0,0,0,0,0,0
29103,0,0,0,0,0,0,0,0,0,0,0,0,0,0,0,0,0,0,0,0
29105,0,0,0,0,0,0,0,0,0,0,0,0,0,0,0,0,0,0,0,0
29107,0,0,0,0,0,0,0,0,0,0,0,0,0,0,0,0,0,0,0,0
29109,0,0,0,0,0,0,0,0,0,0,0,0,0,0,0,0,0,0,0,0
29111,0,0,0,0,0,0,0,0,0,0,0,0,0,0,0,0,0,0,0,0
29113,0,0,0,0,0,0,0,0,0,0,0,0,0,0,0,0,0,0,0,0
29115,0,0,0,0,0,0,0,0,0,0,0,0,0,0,0,0,0,0,0,0
29117,0,0,0,0,0,0,0,0,0,0,0,0,0,0,0,0,0,0,0,0
29119,0,0,0,0,0,0,0,0,0,0,0,0,0,0,0,0,0,0,0,0
29121,0,0,0,0,0,0,0,0,0,0,0,0,0,0,0,0,0,0,0,0
29123,0,0,0,0,0,0,0,0,0,0,0,0,0,0,0,0,0,0,0,0
29125,0,0,0,0,0,0,0,0,0,0,0,0,0,0,0,0,0,0,0,0
29127,0,0,0,0,0,0,0,0,0,0,0,0,0,0,0,0,0,0,0,0
29129,0,0,0,0,0,0,0,0,0,0,0,0,0,0,0,0,0,0,0,0
29131,0,0,0,0,0,0,0,0,0,0,0,0,0,0,0,0,0,0,0,0
29133,0,0,0,0,0,0,0,0,0,0,0,0,0,0,0,0,0,0,0,0
29135,0,0,0,0,0,0,0,0,0,0,0,0,0,0,0,0,0,0,0,0
29137,0,0,0,0,0,0,0,0,0,0,0,0,0,0,0,0,0,0,0,0
29139,0,0,0,0,0,0,0,0,0,0,0,0,0,0,0,0,0,0,0,0
29141,0,0,0,0,0,0,0,0,0,0,0,0,0,0,0,0,0,0,0,0
29143,0,0,0,0,0,0,0,0,0,0,0,0,0,0,0,0,0,0,0,0
29145,0,0,0,0,0,0,0,0,0,0,0,0,0,0,0,0,0,0,0,0
29147,0,0,0,0,0,0,0,0,0,0,0,0,0,0,0,0,0,0,0,0
29149,0,0,0,0,0,0,0,0,0,0,0,0,0,0,0,0,0,0,0,0
29151,0,0,0,0,0,0,0,0,0,0,0,0,0,0,0,0,0,0,0,0
29153,0,0,0,0,0,0,0,0,0,0,0,0,0,0,0,0,0,0,0,0
29155,0,0,0,0,0,0,0,0,0,0,0,0,0,0,0,0,0,0,0,0
29157,0,0,0,0,0,0,0,0,0,0,0,0,0,0,0,0,0,0,0,0
29159,0,0,0,0,0,0,0,0,0,0,0,0,0,0,0,0,0,0,0,0
29161,0,0,0,0,0,0,0,0,0,0,0,0,0,0,0,0,0,0,0,0
29163,0,0,0,0,0,0,0,0,0,0,0,0,0,0,0,0,0,0,0,0
29165,0,0,0,0,0,0,0,0,0,0,0,0,0,0,0,0,0,0,0,0
29167,0,0,0,0,0,0,0,0,0,0,0,0,0,0,0,0,0,0,0,0
29169,0,0,0,0,0,0,0,0,0,0,0,0,0,0,0,0,0,0,0,0
29171,0,0,0,0,0,0,0,0,0,0,0,0,0,0,0,0,0,0,0,0
29173,0,0,0,0,0,0,0,0,0,0,0,0,0,0,0,0,0,0,0,0
29175,0,0,0,0,0,0,0,0,0,0,0,0,0,0,0,0,0,0,0,0
29177,0,0,0,0,0,0,0,0,0,0,0,0,0,0,0,0,0,0,0,0
29179,0,0,0,0,0,0,0,0,0,0,0,0,0,0,0,0,0,0,0,0
29181,0,0,0,0,0,0,0,0,0,0,0,0,0,0,0,0,0,0,0,0
29183,0,0,0,0,0,0,0,0,0,0,0,0,0,0,0,0,0,0,0,0
29185,0,0,0,0,0,0,0,0,0,0,0,0,0,0,0,0,0,0,0,0
29186,0,0,0,0,0,0,0,0,0,0,0,0,0,0,0,0,0,0,0,0
29187,0,0,0,0,0,0,0,0,0,0,0,0,0,0,0,0,0,0,0,0
29189,0,0,0,0,0,0,0,0,0,0,0,0,0,0,0,0,0,0,0,0
29195,0,0,0,0,0,0,0,0,0,0,0,0,0,0,0,0,0,0,0,0
29197,0,0,0,0,0,0,0,0,0,0,0,0,0,0,0,0,0,0,0,0
29199,0,0,0,0,0,0,0,0,0,0,0,0,0,0,0,0,0,0,0,0
29201,0,0,0,0,0,0,0,0,0,0,0,0,0,0,0,0,0,0,0,0
29203,0,0,0,0,0,0,0,0,0,0,0,0,0,0,0,0,0,0,0,0
29205,0,0,0,0,0,0,0,0,0,0,0,0,0,0,0,0,0,0,0,0
29207,0,0,0,0,0,0,0,0,0,0,0,0,0,0,0,0,0,0,0,0
29209,0,0,0,0,0,0,0,0,0,0,0,0,0,0,0,0,0,0,0,0
29211,0,0,0,0,0,0,0,0,0,0,0,0,0,0,0,0,0,0,0,0
29213,0,0,0,0,0,0,0,0,0,0,0,0,0,0,0,0,0,0,0,0
29215,0,0,0,0,0,0,0,0,0,0,0,0,0,0,0,0,0,0,0,0
29217,0,0,0,0,0,0,0,0,0,0,0,0,0,0,0,0,0,0,0,0
29219,0,0,0,0,0,0,0,0,0,0,0,0,0,0,0,0,0,0,0,0
29221,0,0,0,0,0,0,0,0,0,0,0,0,0,0,0,0,0,0,0,0
29223,0,0,0,0,0,0,0,0,0,0,0,0,0,0,0,0,0,0,0,0
29225,0,0,0,0,0,0,0,0,0,0,0,0,0,0,0,0,0,0,0,0
29227,0,0,0,0,0,0,0,0,0,0,0,0,0,0,0,0,0,0,0,0
29229,0,0,0,0,0,0,0,0,0,0,0,0,0,0,0,0,0,0,0,0
29510,0,0,0,0,0,0,0,0,0,0,0,0,0,0,0,0,0,0,0,0
30001,0,0,0,0,0,0,0,0,0,0,0,0,0,0,0,0,0,0,0,0
30003,0,0,0,0,0,0,0,0,0,0,0,0,0,0,0,0,0,0,0,0
30005,0,0,0,0,0,0,0,0,0,0,0,0,0,0,0,0,0,0,0,0
30007,0,0,0,0,0,0,0,0,0,0,0,0,0,0,0,0,0,0,0,0
30009,0,0,0,0,0,0,0,0,0,0,0,0,0,0,0,0,0,0,0,0
30011,0,0,0,0,0,0,0,0,0,0,0,0,0,0,0,0,0,0,0,0
30013,0,0,0,0,0,0,0,0,0,0,0,0,0,0,0,0,0,0,0,0
30015,0,0,0,0,0,0,0,0,0,0,0,0,0,0,0,0,0,0,0,0
30017,0,0,0,0,0,0,0,0,0,0,0,0,0,0,0,0,0,0,0,0
30019,0,0,0,0,0,0,0,0,0,0,0,0,0,0,0,0,0,0,0,0
30021,0,0,0,0,0,0,0,0,0,0,0,0,0,0,0,0,0,0,0,0
30023,0,0,0,0,0,0,0,0,0,0,0,0,0,0,0,0,0,0,0,0
30025,0,0,0,0,0,0,0,0,0,0,0,0,0,0,0,0,0,0,0,0
30027,0,0,0,0,0,0,0,0,0,0,0,0,0,0,0,0,0,0,0,0
30029,0,0,0,0,0,0,0,0,0,0,0,0,0,0,0,0,0,0,0,0
30031,0,0,0,0,0,0,0,0,0,0,0,0,0,0,0,0,0,0,0,0
30033,0,0,0,0,0,0,0,0,0,0,0,0,0,0,0,0,0,0,0,0
30035,0,0,0,0,0,0,0,0,0,0,0,0,0,0,0,0,0,0,0,0
30037,0,0,0,0,0,0,0,0,0,0,0,0,0,0,0,0,0,0,0,0
30039,0,0,0,0,0,0,0,0,0,0,0,0,0,0,0,0,0,0,0,0
30041,0,0,0,0,0,0,0,0,0,0,0,0,0,0,0,0,0,0,0,0
30043,0,0,0,0,0,0,0,0,0,0,0,0,0,0,0,0,0,0,0,0
30045,0,0,0,0,0,0,0,0,0,0,0,0,0,0,0,0,0,0,0,0
30047,0,0,0,0,0,0,0,0,0,0,0,0,0,0,0,0,0,0,0,0
30049,0,0,0,0,0,0,0,0,0,0,0,0,0,0,0,0,0,0,0,0
30051,0,0,0,0,0,0,0,0,0,0,0,0,0,0,0,0,0,0,0,0
30053,0,0,0,0,0,0,0,0,0,0,0,0,0,0,0,0,0,0,0,0
30055,0,0,0,0,0,0,0,0,0,0,0,0,0,0,0,0,0,0,0,0
30057,0,0,0,0,0,0,0,0,0,0,0,0,0,0,0,0,0,0,0,0
30059,0,0,0,0,0,0,0,0,0,0,0,0,0,0,0,0,0,0,0,0
30061,0,0,0,0,0,0,0,0,0,0,0,0,0,0,0,0,0,0,0,0
30063,0,0,0,0,0,0,0,0,0,0,0,0,0,0,0,0,0,0,0,0
30065,0,0,0,0,0,0,0,0,0,0,0,0,0,0,0,0,0,0,0,0
30067,0,0,0,0,0,0,0,0,0,0,0,0,0,0,0,0,0,0,0,0
30069,0,0,0,0,0,0,0,0,0,0,0,0,0,0,0,0,0,0,0,0
30071,0,0,0,0,0,0,0,0,0,0,0,0,0,0,0,0,0,0,0,0
30073,0,0,0,0,0,0,0,0,0,0,0,0,0,0,0,0,0,0,0,0
30075,0,0,0,0,0,0,0,0,0,0,0,0,0,0,0,0,0,0,0,0
30077,0,0,0,0,0,0,0,0,0,0,0,0,0,0,0,0,0,0,0,0
30079,0,0,0,0,0,0,0,0,0,0,0,0,0,0,0,0,0,0,0,0
30081,0,0,0,0,0,0,0,0,0,0,0,0,0,0,0,0,0,0,0,0
30083,0,0,0,0,0,0,0,0,0,0,0,0,0,0,0,0,0,0,0,0
30085,0,0,0,0,0,0,0,0,0,0,0,0,0,0,0,0,0,0,0,0
30087,0,0,0,0,0,0,0,0,0,0,0,0,0,0,0,0,0,0,0,0
30089,0,0,0,0,0,0,0,0,0,0,0,0,0,0,0,0,0,0,0,0
30091,0,0,0,0,0,0,0,0,0,0,0,0,0,0,0,0,0,0,0,0
30093,0,0,0,0,0,0,0,0,0,0,0,0,0,0,0,0,0,0,0,0
30095,0,0,0,0,0,0,0,0,0,0,0,0,0,0,0,0,0,0,0,0
30097,0,0,0,0,0,0,0,0,0,0,0,0,0,0,0,0,0,0,0,0
30099,0,0,0,0,0,0,0,0,0,0,0,0,0,0,0,0,0,0,0,0
30101,0,0,0,0,0,0,0,0,0,0,0,0,0,0,0,0,0,0,0,0
30103,0,0,0,0,0,0,0,0,0,0,0,0,0,0,0,0,0,0,0,0
30105,0,0,0,0,0,0,0,0,0,0,0,0,0,0,0,0,0,0,0,0
30107,0,0,0,0,0,0,0,0,0,0,0,0,0,0,0,0,0,0,0,0
30109,0,0,0,0,0,0,0,0,0,0,0,0,0,0,0,0,0,0,0,0
30111,0,0,0,0,0,0,0,0,0,0,0,0,0,0,0,0,0,0,0,0
31001,0,0,0,0,0,0,0,0,0,0,0,0,0,0,0,0,0,0,0,0
31003,0,0,0,0,0,0,0,0,0,0,0,0,0,0,0,0,0,0,0,0
31005,0,0,0,0,0,0,0,0,0,0,0,0,0,0,0,0,0,0,0,0
31007,0,0,0,0,0,0,0,0,0,0,0,0,0,0,0,0,0,0,0,0
31009,0,0,0,0,0,0,0,0,0,0,0,0,0,0,0,0,0,0,0,0
31011,0,0,0,0,0,0,0,0,0,0,0,0,0,0,0,0,0,0,0,0
31013,0,0,0,0,0,0,0,0,0,0,0,0,0,0,0,0,0,0,0,0
31015,0,0,0,0,0,0,0,0,0,0,0,0,0,0,0,0,0,0,0,0
31017,0,0,0,0,0,0,0,0,0,0,0,0,0,0,0,0,0,0,0,0
31019,0,0,0,0,0,0,0,0,0,0,0,0,0,0,0,0,0,0,0,0
31021,0,0,0,0,0,0,0,0,0,0,0,0,0,0,0,0,0,0,0,0
31023,0,0,0,0,0,0,0,0,0,0,0,0,0,0,0,0,0,0,0,0
31025,0,0,0,0,0,0,0,0,0,0,0,0,0,0,0,0,0,0,0,0
31027,0,0,0,0,0,0,0,0,0,0,0,0,0,0,0,0,0,0,0,0
31029,0,0,0,0,0,0,0,0,0,0,0,0,0,0,0,0,0,0,0,0
31031,0,0,0,0,0,0,0,0,0,0,0,0,0,0,0,0,0,0,0,0
31033,0,0,0,0,0,0,0,0,0,0,0,0,0,0,0,0,0,0,0,0
31035,0,0,0,0,0,0,0,0,0,0,0,0,0,0,0,0,0,0,0,0
31037,0,0,0,0,0,0,0,0,0,0,0,0,0,0,0,0,0,0,0,0
31039,0,0,0,0,0,0,0,0,0,0,0,0,0,0,0,0,0,0,0,0
31041,0,0,0,0,0,0,0,0,0,0,0,0,0,0,0,0,0,0,0,0
31043,0,0,0,0,0,0,0,0,0,0,0,0,0,0,0,0,0,0,0,0
31045,0,0,0,0,0,0,0,0,0,0,0,0,0,0,0,0,0,0,0,0
31047,0,0,0,0,0,0,0,0,0,0,0,0,0,0,0,0,0,0,0,0
31049,0,0,0,0,0,0,0,0,0,0,0,0,0,0,0,0,0,0,0,0
31051,0,0,0,0,0,0,0,0,0,0,0,0,0,0,0,0,0,0,0,0
31053,0,0,0,0,0,0,0,0,0,0,0,0,0,0,0,0,0,0,0,0
31055,0,0,0,0,0,0,0,0,0,0,0,0,0,0,0,0,0,0,0,0
31057,0,0,0,0,0,0,0,0,0,0,0,0,0,0,0,0,0,0,0,0
31059,0,0,0,0,0,0,0,0,0,0,0,0,0,0,0,0,0,0,0,0
31061,0,0,0,0,0,0,0,0,0,0,0,0,0,0,0,0,0,0,0,0
31063,0,0,0,0,0,0,0,0,0,0,0,0,0,0,0,0,0,0,0,0
31065,0,0,0,0,0,0,0,0,0,0,0,0,0,0,0,0,0,0,0,0
31067,0,0,0,0,0,0,0,0,0,0,0,0,0,0,0,0,0,0,0,0
31069,0,0,0,0,0,0,0,0,0,0,0,0,0,0,0,0,0,0,0,0
31071,0,0,0,0,0,0,0,0,0,0,0,0,0,0,0,0,0,0,0,0
31073,0,0,0,0,0,0,0,0,0,0,0,0,0,0,0,0,0,0,0,0
31075,0,0,0,0,0,0,0,0,0,0,0,0,0,0,0,0,0,0,0,0
31077,0,0,0,0,0,0,0,0,0,0,0,0,0,0,0,0,0,0,0,0
31079,0,0,0,0,0,0,0,0,0,0,0,0,0,0,0,0,0,0,0,0
31081,0,0,0,0,0,0,0,0,0,0,0,0,0,0,0,0,0,0,0,0
31083,0,0,0,0,0,0,0,0,0,0,0,0,0,0,0,0,0,0,0,0
31085,0,0,0,0,0,0,0,0,0,0,0,0,0,0,0,0,0,0,0,0
31087,0,0,0,0,0,0,0,0,0,0,0,0,0,0,0,0,0,0,0,0
31089,0,0,0,0,0,0,0,0,0,0,0,0,0,0,0,0,0,0,0,0
31091,0,0,0,0,0,0,0,0,0,0,0,0,0,0,0,0,0,0,0,0
31093,0,0,0,0,0,0,0,0,0,0,0,0,0,0,0,0,0,0,0,0
31095,0,0,0,0,0,0,0,0,0,0,0,0,0,0,0,0,0,0,0,0
31097,0,0,0,0,0,0,0,0,0,0,0,0,0,0,0,0,0,0,0,0
31099,0,0,0,0,0,0,0,0,0,0,0,0,0,0,0,0,0,0,0,0
31101,0,0,0,0,0,0,0,0,0,0,0,0,0,0,0,0,0,0,0,0
31103,0,0,0,0,0,0,0,0,0,0,0,0,0,0,0,0,0,0,0,0
31105,0,0,0,0,0,0,0,0,0,0,0,0,0,0,0,0,0,0,0,0
31107,0,0,0,0,0,0,0,0,0,0,0,0,0,0,0,0,0,0,0,0
31109,0,0,0,0,0,0,0,0,0,0,0,0,0,0,0,0,0,0,0,0
31111,0,0,0,0,0,0,0,0,0,0,0,0,0,0,0,0,0,0,0,0
31113,0,0,0,0,0,0,0,0,0,0,0,0,0,0,0,0,0,0,0,0
31115,0,0,0,0,0,0,0,0,0,0,0,0,0,0,0,0,0,0,0,0
31117,0,0,0,0,0,0,0,0,0,0,0,0,0,0,0,0,0,0,0,0
31119,0,0,0,0,0,0,0,0,0,0,0,0,0,0,0,0,0,0,0,0
31121,0,0,0,0,0,0,0,0,0,0,0,0,0,0,0,0,0,0,0,0
31123,0,0,0,0,0,0,0,0,0,0,0,0,0,0,0,0,0,0,0,0
31125,0,0,0,0,0,0,0,0,0,0,0,0,0,0,0,0,0,0,0,0
31127,0,0,0,0,0,0,0,0,0,0,0,0,0,0,0,0,0,0,0,0
31129,0,0,0,0,0,0,0,0,0,0,0,0,0,0,0,0,0,0,0,0
31131,0,0,0,0,0,0,0,0,0,0,0,0,0,0,0,0,0,0,0,0
31133,0,0,0,0,0,0,0,0,0,0,0,0,0,0,0,0,0,0,0,0
31135,0,0,0,0,0,0,0,0,0,0,0,0,0,0,0,0,0,0,0,0
31137,0,0,0,0,0,0,0,0,0,0,0,0,0,0,0,0,0,0,0,0
31139,0,0,0,0,0,0,0,0,0,0,0,0,0,0,0,0,0,0,0,0
31141,0,0,0,0,0,0,0,0,0,0,0,0,0,0,0,0,0,0,0,0
31143,0,0,0,0,0,0,0,0,0,0,0,0,0,0,0,0,0,0,0,0
31145,0,0,0,0,0,0,0,0,0,0,0,0,0,0,0,0,0,0,0,0
31147,0,0,0,0,0,0,0,0,0,0,0,0,0,0,0,0,0,0,0,0
31149,0,0,0,0,0,0,0,0,0,0,0,0,0,0,0,0,0,0,0,0
31151,0,0,0,0,0,0,0,0,0,0,0,0,0,0,0,0,0,0,0,0
31153,0,0,0,0,0,0,0,0,0,0,0,0,0,0,0,0,0,0,0,0
31155,0,0,0,0,0,0,0,0,0,0,0,0,0,0,0,0,0,0,0,0
31157,0,0,0,0,0,0,0,0,0,0,0,0,0,0,0,0,0,0,0,0
31159,0,0,0,0,0,0,0,0,0,0,0,0,0,0,0,0,0,0,0,0
31161,0,0,0,0,0,0,0,0,0,0,0,0,0,0,0,0,0,0,0,0
31163,0,0,0,0,0,0,0,0,0,0,0,0,0,0,0,0,0,0,0,0
31165,0,0,0,0,0,0,0,0,0,0,0,0,0,0,0,0,0,0,0,0
31167,0,0,0,0,0,0,0,0,0,0,0,0,0,0,0,0,0,0,0,0
31169,0,0,0,0,0,0,0,0,0,0,0,0,0,0,0,0,0,0,0,0
31171,0,0,0,0,0,0,0,0,0,0,0,0,0,0,0,0,0,0,0,0
31173,0,0,0,0,0,0,0,0,0,0,0,0,0,0,0,0,0,0,0,0
31175,0,0,0,0,0,0,0,0,0,0,0,0,0,0,0,0,0,0,0,0
31177,0,0,0,0,0,0,0,0,0,0,0,0,0,0,0,0,0,0,0,0
31179,0,0,0,0,0,0,0,0,0,0,0,0,0,0,0,0,0,0,0,0
31181,0,0,0,0,0,0,0,0,0,0,0,0,0,0,0,0,0,0,0,0
31183,0,0,0,0,0,0,0,0,0,0,0,0,0,0,0,0,0,0,0,0
31185,0,0,0,0,0,0,0,0,0,0,0,0,0,0,0,0,0,0,0,0
32001,0,0,0,0,0,1.0641978128821e-06,0,0.00451145223229858,0,0,0,0,0,5.0536625085935e-05,2.82828072524554e-05,0,0,0,0,3.67453624032333e-05
32003,5.31054835512463e-05,0,0.000640741029861009,0,2.25981138772231e-06,0,0.000255495479476957,0.00903953716775707,0,0,1.12990945347949e-06,0,0,3.72868347762272e-05,0,0,0,0,0,0.000221820603451561
32005,0,0,0,0,0,0.000112392909324338,0.001450392387968,0.00956402949984925,0,0,0,0,0,0,0,0,0,0,0,0
32007,5.70089103004974e-08,2.98387089388279e-10,0,0,1.87885940909113e-06,1.27622504377363e-06,6.02844859560847e-08,0.0135591533370708,0,0,0,0,0,0,0,0,0,0,0,2.37260606445791e-07
32009,0,0,0,0,9.18920669857911e-05,0.00852313871678973,0.00503050075878044,0.0596628043646781,0,0,0,0,0,0,0,0,0,0,0,0.000300520148410389
32011,0,0,0,0,0.00316510870144638,0.00394951772193035,0,0.156582803052924,0,0,0,0,0,0,0,0,0,0,0,3.96109798470128e-06
32013,6.77743563911082e-07,2.767695034759e-05,0,0,7.58154292100649e-06,0.01001964766513,0.00221191404573235,0.278452865933953,0,0.0117569203354492,0.0435541348697,0,0,7.98332549297642e-08,0,0,0,0,0,0.0437235854784418
32015,0,0,0,0,4.42240941248047e-05,0.00272778278961004,0,0.148693337840269,0,1.91636571073372e-05,8.17971000542352e-06,0,0,0,0,0,0,0,0,0.000137987346403702
32017,0,0,0,0,0,1.30360251965266e-06,0,0.0780895107575215,0,0,0,0,0,0,0,0,0,0,0,0
32019,0,0,0,0,0,0.000845795868199046,0,0.0193354063894298,0,0,0,0,0,1.51327709815015e-07,0,0,0,0,0,7.1286291931933e-05
32021,0,0,0,0,0,0.00067459842676175,1.2278581233265e-05,0.0113521596226282,0,0,0,0,0,8.67776147799042e-06,5.78517445118683e-06,0,0,0,0,3.32292728141241e-05
32023,0,0,0,0,5.96032613421044e-05,0.00614458541067034,0,0.0750411338647865,0,0,0,0,0,0,0,0,0,0,0,0
32027,0,0,0,0,0,0.000291895493901346,0,0.054792623525861,0,2.26077080737531e-05,1.06085948586239e-06,0,0,0,0,0,0,0,0,0.000139956541563711
32029,0,0,0,0,0,0,0,0,0,0,0,0,0,0,0,0,0,0,0,0
32031,0,0,0,0,0,0.000526938045947385,0.000176810102127404,0.0104182362294472,0,0,0,0,0,1.99630020852573e-06,0,0,0,0,0,5.940897182703e-06
32033,0.000386148558815461,0.000560977216764372,0,0,1.53763607038919e-05,0.00151196820396166,0,0.112940212892748,0,0,0,0,0,0,0.00450219749697341,0,0,0,0,0
32510,0,0,0,0,0,5.11113323160614e-07,1.17164285351074e-06,3.97601151043588e-05,0,0,0,0,0,0,0,0,0,0,0,0
33001,0,0,0,0,0,0,0,0,0,0,0,0,0,0,0,0,0,0,0,0
33003,0,0,0,0,0,0,0,0,0,0,0,0,0,0,0,0,0,0,0,0
33005,0,0,0,0,0,0,0,0,0,0,0,0,0,0,0,0,0,0,0,0
33007,0,0,0,0,0,0,0,0,0,0,0,0,0,0,0,0,0,0,0,0
33009,0,0,0,0,0,0,0,0,0,0,0,0,0,0,0,0,0,0,0,0
33011,0,0,0,0,0,0,0,0,0,0,0,0,0,0,0,0,0,0,0,0
33013,0,0,0,0,0,0,0,0,0,0,0,0,0,0,0,0,0,0,0,0
33015,0,0,0,0,0,0,0,0,0,0,0,0,0,0,0,0,0,0,0,0
33017,0,0,0,0,0,0,0,0,0,0,0,0,0,0,0,0,0,0,0,0
33019,0,0,0,0,0,0,0,0,0,0,0,0,0,0,0,0,0,0,0,0
34001,0,0,0,0,0,0,0,0,0,0,0,0,0,0,0,0,0,0,0,0
34003,0,0,0,0,0,0,0,0,0,0,0,0,0,0,0,0,0,0,0,0
34005,0,0,0,0,0,0,0,0,0,0,0,0,0,0,0,0,0,0,0,0
34007,0,0,0,0,0,0,0,0,0,0,0,0,0,0,0,0,0,0,0,0
34009,0,0,0,0,0,0,0,0,0,0,0,0,0,0,0,0,0,0,0,0
34011,0,0,0,0,0,0,0,0,0,0,0,0,0,0,0,0,0,0,0,0
34013,0,0,0,0,0,0,0,0,0,0,0,0,0,0,0,0,0,0,0,0
34015,0,0,0,0,0,0,0,0,0,0,0,0,0,0,0,0,0,0,0,0
34017,0,0,0,0,0,0,0,0,0,0,0,0,0,0,0,0,0,0,0,0
34019,0,0,0,0,0,0,0,0,0,0,0,0,0,0,0,0,0,0,0,0
34021,0,0,0,0,0,0,0,0,0,0,0,0,0,0,0,0,0,0,0,0
34023,0,0,0,0,0,0,0,0,0,0,0,0,0,0,0,0,0,0,0,0
34025,0,0,0,0,0,0,0,0,0,0,0,0,0,0,0,0,0,0,0,0
34027,0,0,0,0,0,0,0,0,0,0,0,0,0,0,0,0,0,0,0,0
34029,0,0,0,0,0,0,0,0,0,0,0,0,0,0,0,0,0,0,0,0
34031,0,0,0,0,0,0,0,0,0,0,0,0,0,0,0,0,0,0,0,0
34033,0,0,0,0,0,0,0,0,0,0,0,0,0,0,0,0,0,0,0,0
34035,0,0,0,0,0,0,0,0,0,0,0,0,0,0,0,0,0,0,0,0
34037,0,0,0,0,0,0,0,0,0,0,0,0,0,0,0,0,0,0,0,0
34039,0,0,0,0,0,0,0,0,0,0,0,0,0,0,0,0,0,0,0,0
34041,0,0,0,0,0,0,0,0,0,0,0,0,0,0,0,0,0,0,0,0
35001,0,5.39680677698686e-05,0,0,4.03998622665843e-06,0,0.000286618492119573,0.00248900356884544,0,0,4.2169099652972e-08,0,0,0,8.2192997500865e-07,0,0,0,0,4.53570560586918e-06
35003,0,0,0,0,0,0,0,5.25050621188233e-09,0,0,0,0,0,0,0,0,0,0,0,0
35005,0.00544974486863002,0.0302266910783976,0.00291952086087244,0,0.00158094748576953,0.0180768201512362,0.00768695236454219,0.0863293965600499,0,0,8.32705670961787e-06,0,0,0,0.00375622432318798,0,0,0,0,0.0117007265613599
35006,0,0.00117927613691125,0,0,0,0,0.000326151191921224,0.00161099358814902,0,0,0.00144927788522865,0,0,0,0,0,0,0,0,0.000187044665686584
35007,0,0,0,0,4.6828115996134e-05,1.37079736493959e-07,0,0.000340060711735007,0,0,0,0,0,0,0,0,0,0,0,0.000199766561477667
35009,0.000208747870503854,0.00524082767869848,0.000423313471536444,3.00316994410162e-06,2.12822042434943e-06,0.00251465123213473,4.84139657771474e-05,0.00121797761114151,2.67353864536796e-06,3.86531197302347e-07,1.96956464959053e-06,0,0,4.29479071400695e-08,0.00954972551911103,0,0,1.7512861023985e-06,0,0.030452620419372
35011,0,7.65129205224073e-06,0,0,0,8.6066318384162e-05,0,0.00762147706782379,0,0,0,0,0,0,4.30512091612407e-05,0,0,0,0,0.00272989092587351
35013,5.06783978981056e-05,0.0124819749591728,0.0307566721679527,0,0.000497128830507293,0.000620728000790751,0.0778819883691151,0.0317627028875775,0,0,1.8161744170008e-05,0,0,0,0.000201199315468335,0,0,0,0,0.00441414504761312
35015,0.00258630235202606,0.00281260689481257,0.0216705783542358,0,0.000918427146616409,0.000923864659379138,0.0105211213473242,0.0661115788237456,0,0,0.000844299820962981,0,0,0,0.00137372546517598,0,0,0,0,0.00258152081361949
35017,0,0.000476118779602262,9.0483696810822e-05,0,0,0.000117492998222226,5.62412659240164e-05,0.00461942721389006,0,4.30029320255408e-06,0,0,0,0,2.15014478834963e-06,0,0,0,0,2.48194927208365e-05
35019,0,0,0,0,0,0,0,0.000301239790883512,0,0,0,0,0,0,0,0,0,0,0,0.00203177384326946
35021,0,6.34085572013922e-05,5.08366652208484e-07,0,1.73145943118346e-07,1.43624652885952e-05,0,0.000257653588156844,0,0,0,0,0,0,0.000190649163503243,0,0,1.80200615675427e-06,0,0.00259376598269361
35023,0,0.0146890668230757,0.00746472561368246,0,5.96127485675904e-05,0.00084734335062531,0.00115120472977461,0.0296253394293137,0,0,0,0,0,0,0.000717564861203185,0,0,0,0,0.00174799715330851
35025,0,0.0109298402406378,0.122070940296671,3.77391626582502e-05,0.000376197649011011,0.00230389071466671,0.00458144428506628,0.00878337451370741,0.00392846582123588,0,8.61718005997222e-06,0,0,0.0048520528496064,0.00523917057722372,0,0,1.0234810902235e-05,0,0.0298562252096555
35027,0,0,7.8693953381386e-05,0,0,0,0.000276742791279463,0.00394357247269042,0,0,0,0,0,0,2.94999423977979e-05,0,0,0,0,2.25333544020492e-05
35028,0,0,0,0,0,0,0,0,0,0,0,0,0,0,0,0,0,0,0,0
35029,0,0.00562807742143377,0.00286999922596002,0,0.000203253430362788,0.00801558129963286,0.0124859623322041,0.0231656947433674,0,0,0.000305524053704857,0,0,0,0.000411568177214516,0,0,0,0,0.00733911611516977
35031,0,0,0,0,0,0,0,0,0,0,0,0,0,0,0,0,0,0,0,0
35033,0,0,0,0,0,0,0,0,0,0,0,0,0,0,0,0,0,0,0,0
35035,0,0.000420834695511712,1.61726246159934e-05,0,0,3.59092271541008e-05,0.00351776370237836,0.0155657697794438,0,0,1.02555449759759e-06,0,0,0,1.49890304858106e-05,0,0,0,0,3.35043732673184e-05
35037,2.7297047534615e-05,0.000108822033240688,2.62567106122579e-07,0,3.78240661276273e-07,0.000255558219441354,3.49481948867634e-07,7.54390009952433e-05,0,0,0,0,0,0,0.00104748488993543,0,0,7.58031682546727e-05,0,0.00644679405110015
35039,0,0,0,0,5.96431272989363e-07,0,0,0.00150453720229477,0,0,2.4805599148583e-07,0,0,0,1.372521215379e-07,0,0,0,0,0
35041,0.000107307044112487,0.0131673225129701,0.0118588819881501,0.000154136667337197,0.000660722985298537,0.0117681306784941,0.000518067275830062,0.0334558910681448,0.00106104404715688,3.13433347266078e-07,5.23325598888273e-06,0,0,5.90982240790886e-07,0.0602286222585284,0,0,1.59239446071581e-05,0,0.0712046593583612
35043,0,1.46998843093443e-05,0,0,1.77322240689507e-07,0,2.97101704482699e-05,0.000728450785197292,0,0,1.94450873460329e-07,0,0,0,2.25360370185288e-07,0,0,0,0,2.80055671327095e-07
35045,0,0,0,0,0,0,0,0,0,0,0,0,0,0,0,0,0,0,0,0
35047,0,0,0,0,0,0,0,0,0,0,0,0,0,0,0,0,0,0,0,0
35049,0,0.00880729268131662,0,0,0.000244576380732108,0,3.90595353164779e-06,0.00512465205637415,0,0,1.54898167721845e-07,0,0,0,4.1352806117923e-05,0,0,0,0,9.40154461977101e-05
35051,0,0.00445789976984173,0.00109871330518638,0,0.000435140358322488,0.000351421989233982,0.00799337045947936,0.00960184817015704,0,1.70665628827488e-06,0.000171183999641605,0,0,0,3.60645220686711e-07,0,0,0,0,0.000330186316210517
35053,0,0.000577867131835073,0,0,0,0.000208292407072769,0.00390474888928447,0.0301566030924797,0,0.000590692459549991,0.000162215487775369,0,0,0,1.54350707824759e-05,0,0,0,0,0
35055,0,0,0,0,0,0,0,0,0,0,0,0,0,0,0,0,0,0,0,0
35057,0,0.0234447376377105,0,0,0.00119924138981727,0,5.24371399268781e-06,0.0258449068863711,0,0,0,0,0,0,0.00392001348498899,0,0,0,0,0.00179013503593549
35059,2.93495754256295e-06,0.0120163396761412,5.42433563779292e-07,0,0.000471589011720518,0.000573516975846517,4.40789264654626e-07,0.00130587854792249,6.20254028354552e-09,0.000331731116517506,0,0,0,0,0.0045489757408662,0,0,0,0,0.0234749596165269
35061,0,6.92662048685608e-05,0,0,1.61971798991106e-06,0,0.0011405092042704,0.010718247016279,0,0,0,0,0,0,0,0,0,0,0,0
36001,0,0,0,0,0,0,0,0,0,0,0,0,0,0,0,0,0,0,0,0
36003,0,0,0,0,0,0,0,0,0,0,0,0,0,0,0,0,0,0,0,0
36005,0,0,0,0,0,0,0,0,0,0,0,0,0,0,0,0,0,0,0,0
36007,0,0,0,0,0,0,0,0,0,0,0,0,0,0,0,0,0,0,0,0
36009,0,0,0,0,0,0,0,0,0,0,0,0,0,0,0,0,0,0,0,0
36011,0,0,0,0,0,0,0,0,0,0,0,0,0,0,0,0,0,0,0,0
36013,0,0,0,0,0,0,0,0,0,0,0,0,0,0,0,0,0,0,0,0
36015,0,0,0,0,0,0,0,0,0,0,0,0,0,0,0,0,0,0,0,0
36017,0,0,0,0,0,0,0,0,0,0,0,0,0,0,0,0,0,0,0,0
36019,0,0,0,0,0,0,0,0,0,0,0,0,0,0,0,0,0,0,0,0
36021,0,0,0,0,0,0,0,0,0,0,0,0,0,0,0,0,0,0,0,0
36023,0,0,0,0,0,0,0,0,0,0,0,0,0,0,0,0,0,0,0,0
36025,0,0,0,0,0,0,0,0,0,0,0,0,0,0,0,0,0,0,0,0
36027,0,0,0,0,0,0,0,0,0,0,0,0,0,0,0,0,0,0,0,0
36029,0,0,0,0,0,0,0,0,0,0,0,0,0,0,0,0,0,0,0,0
36031,0,0,0,0,0,0,0,0,0,0,0,0,0,0,0,0,0,0,0,0
36033,0,0,0,0,0,0,0,0,0,0,0,0,0,0,0,0,0,0,0,0
36035,0,0,0,0,0,0,0,0,0,0,0,0,0,0,0,0,0,0,0,0
36037,0,0,0,0,0,0,0,0,0,0,0,0,0,0,0,0,0,0,0,0
36039,0,0,0,0,0,0,0,0,0,0,0,0,0,0,0,0,0,0,0,0
36041,0,0,0,0,0,0,0,0,0,0,0,0,0,0,0,0,0,0,0,0
36043,0,0,0,0,0,0,0,0,0,0,0,0,0,0,0,0,0,0,0,0
36045,0,0,0,0,0,0,0,0,0,0,0,0,0,0,0,0,0,0,0,0
36047,0,0,0,0,0,0,0,0,0,0,0,0,0,0,0,0,0,0,0,0
36049,0,0,0,0,0,0,0,0,0,0,0,0,0,0,0,0,0,0,0,0
36051,0,0,0,0,0,0,0,0,0,0,0,0,0,0,0,0,0,0,0,0
36053,0,0,0,0,0,0,0,0,0,0,0,0,0,0,0,0,0,0,0,0
36055,0,0,0,0,0,0,0,0,0,0,0,0,0,0,0,0,0,0,0,0
36057,0,0,0,0,0,0,0,0,0,0,0,0,0,0,0,0,0,0,0,0
36059,0,0,0,0,0,0,0,0,0,0,0,0,0,0,0,0,0,0,0,0
36061,0,0,0,0,0,0,0,0,0,0,0,0,0,0,0,0,0,0,0,0
36063,0,0,0,0,0,0,0,0,0,0,0,0,0,0,0,0,0,0,0,0
36065,0,0,0,0,0,0,0,0,0,0,0,0,0,0,0,0,0,0,0,0
36067,0,0,0,0,0,0,0,0,0,0,0,0,0,0,0,0,0,0,0,0
36069,0,0,0,0,0,0,0,0,0,0,0,0,0,0,0,0,0,0,0,0
36071,0,0,0,0,0,0,0,0,0,0,0,0,0,0,0,0,0,0,0,0
36073,0,0,0,0,0,0,0,0,0,0,0,0,0,0,0,0,0,0,0,0
36075,0,0,0,0,0,0,0,0,0,0,0,0,0,0,0,0,0,0,0,0
36077,0,0,0,0,0,0,0,0,0,0,0,0,0,0,0,0,0,0,0,0
36079,0,0,0,0,0,0,0,0,0,0,0,0,0,0,0,0,0,0,0,0
36081,0,0,0,0,0,0,0,0,0,0,0,0,0,0,0,0,0,0,0,0
36083,0,0,0,0,0,0,0,0,0,0,0,0,0,0,0,0,0,0,0,0
36085,0,0,0,0,0,0,0,0,0,0,0,0,0,0,0,0,0,0,0,0
36087,0,0,0,0,0,0,0,0,0,0,0,0,0,0,0,0,0,0,0,0
36089,0,0,0,0,0,0,0,0,0,0,0,0,0,0,0,0,0,0,0,0
36091,0,0,0,0,0,0,0,0,0,0,0,0,0,0,0,0,0,0,0,0
36093,0,0,0,0,0,0,0,0,0,0,0,0,0,0,0,0,0,0,0,0
36095,0,0,0,0,0,0,0,0,0,0,0,0,0,0,0,0,0,0,0,0
36097,0,0,0,0,0,0,0,0,0,0,0,0,0,0,0,0,0,0,0,0
36099,0,0,0,0,0,0,0,0,0,0,0,0,0,0,0,0,0,0,0,0
36101,0,0,0,0,0,0,0,0,0,0,0,0,0,0,0,0,0,0,0,0
36103,0,0,0,0,0,0,0,0,0,0,0,0,0,0,0,0,0,0,0,0
36105,0,0,0,0,0,0,0,0,0,0,0,0,0,0,0,0,0,0,0,0
36107,0,0,0,0,0,0,0,0,0,0,0,0,0,0,0,0,0,0,0,0
36109,0,0,0,0,0,0,0,0,0,0,0,0,0,0,0,0,0,0,0,0
36111,0,0,0,0,0,0,0,0,0,0,0,0,0,0,0,0,0,0,0,0
36113,0,0,0,0,0,0,0,0,0,0,0,0,0,0,0,0,0,0,0,0
36115,0,0,0,0,0,0,0,0,0,0,0,0,0,0,0,0,0,0,0,0
36117,0,0,0,0,0,0,0,0,0,0,0,0,0,0,0,0,0,0,0,0
36119,0,0,0,0,0,0,0,0,0,0,0,0,0,0,0,0,0,0,0,0
36121,0,0,0,0,0,0,0,0,0,0,0,0,0,0,0,0,0,0,0,0
36123,0,0,0,0,0,0,0,0,0,0,0,0,0,0,0,0,0,0,0,0
37001,0,0,0,0,0,0,0,0,0,0,0,0,0,0,0,0,0,0,0,0
37003,0,0,0,0,0,0,0,0,0,0,0,0,0,0,0,0,0,0,0,0
37005,0,0,0,0,0,0,0,0,0,0,0,0,0,0,0,0,0,0,0,0
37007,0,0,0,0,0,0,0,0,0,0,0,0,0,0,0,0,0,0,0,0
37009,0,0,0,0,0,0,0,0,0,0,0,0,0,0,0,0,0,0,0,0
37011,0,0,0,0,0,0,0,0,0,0,0,0,0,0,0,0,0,0,0,0
37013,0,0,0,0,0,0,0,0,0,0,0,0,0,0,0,0,0,0,0,0
37015,0,0,0,0,0,0,0,0,0,0,0,0,0,0,0,0,0,0,0,0
37017,0,0,0,0,0,0,0,0,0,0,0,0,0,0,0,0,0,0,0,0
37019,0,0,0,0,0,0,0,0,0,0,0,0,0,0,0,0,0,0,0,0
37021,0,0,0,0,0,0,0,0,0,0,0,0,0,0,0,0,0,0,0,0
37023,0,0,0,0,0,0,0,0,0,0,0,0,0,0,0,0,0,0,0,0
37025,0,0,0,0,0,0,0,0,0,0,0,0,0,0,0,0,0,0,0,0
37027,0,0,0,0,0,0,0,0,0,0,0,0,0,0,0,0,0,0,0,0
37029,0,0,0,0,0,0,0,0,0,0,0,0,0,0,0,0,0,0,0,0
37031,0,0,0,0,0,0,0,0,0,0,0,0,0,0,0,0,0,0,0,0
37033,0,0,0,0,0,0,0,0,0,0,0,0,0,0,0,0,0,0,0,0
37035,0,0,0,0,0,0,0,0,0,0,0,0,0,0,0,0,0,0,0,0
37037,0,0,0,0,0,0,0,0,0,0,0,0,0,0,0,0,0,0,0,0
37039,0,0,0,0,0,0,0,0,0,0,0,0,0,0,0,0,0,0,0,0
37041,0,0,0,0,0,0,0,0,0,0,0,0,0,0,0,0,0,0,0,0
37043,0,0,0,0,0,0,0,0,0,0,0,0,0,0,0,0,0,0,0,0
37045,0,0,0,0,0,0,0,0,0,0,0,0,0,0,0,0,0,0,0,0
37047,0,0,0,0,0,0,0,0,0,0,0,0,0,0,0,0,0,0,0,0
37049,0,0,0,0,0,0,0,0,0,0,0,0,0,0,0,0,0,0,0,0
37051,0,0,0,0,0,0,0,0,0,0,0,0,0,0,0,0,0,0,0,0
37053,0,0,0,0,0,0,0,0,0,0,0,0,0,0,0,0,0,0,0,0
37055,0,0,0,0,0,0,0,0,0,0,0,0,0,0,0,0,0,0,0,0
37057,0,0,0,0,0,0,0,0,0,0,0,0,0,0,0,0,0,0,0,0
37059,0,0,0,0,0,0,0,0,0,0,0,0,0,0,0,0,0,0,0,0
37061,0,0,0,0,0,0,0,0,0,0,0,0,0,0,0,0,0,0,0,0
37063,0,0,0,0,0,0,0,0,0,0,0,0,0,0,0,0,0,0,0,0
37065,0,0,0,0,0,0,0,0,0,0,0,0,0,0,0,0,0,0,0,0
37067,0,0,0,0,0,0,0,0,0,0,0,0,0,0,0,0,0,0,0,0
37069,0,0,0,0,0,0,0,0,0,0,0,0,0,0,0,0,0,0,0,0
37071,0,0,0,0,0,0,0,0,0,0,0,0,0,0,0,0,0,0,0,0
37073,0,0,0,0,0,0,0,0,0,0,0,0,0,0,0,0,0,0,0,0
37075,0,0,0,0,0,0,0,0,0,0,0,0,0,0,0,0,0,0,0,0
37077,0,0,0,0,0,0,0,0,0,0,0,0,0,0,0,0,0,0,0,0
37079,0,0,0,0,0,0,0,0,0,0,0,0,0,0,0,0,0,0,0,0
37081,0,0,0,0,0,0,0,0,0,0,0,0,0,0,0,0,0,0,0,0
37083,0,0,0,0,0,0,0,0,0,0,0,0,0,0,0,0,0,0,0,0
37085,0,0,0,0,0,0,0,0,0,0,0,0,0,0,0,0,0,0,0,0
37087,0,0,0,0,0,0,0,0,0,0,0,0,0,0,0,0,0,0,0,0
37089,0,0,0,0,0,0,0,0,0,0,0,0,0,0,0,0,0,0,0,0
37091,0,0,0,0,0,0,0,0,0,0,0,0,0,0,0,0,0,0,0,0
37093,0,0,0,0,0,0,0,0,0,0,0,0,0,0,0,0,0,0,0,0
37095,0,0,0,0,0,0,0,0,0,0,0,0,0,0,0,0,0,0,0,0
37097,0,0,0,0,0,0,0,0,0,0,0,0,0,0,0,0,0,0,0,0
37099,0,0,0,0,0,0,0,0,0,0,0,0,0,0,0,0,0,0,0,0
37101,0,0,0,0,0,0,0,0,0,0,0,0,0,0,0,0,0,0,0,0
37103,0,0,0,0,0,0,0,0,0,0,0,0,0,0,0,0,0,0,0,0
37105,0,0,0,0,0,0,0,0,0,0,0,0,0,0,0,0,0,0,0,0
37107,0,0,0,0,0,0,0,0,0,0,0,0,0,0,0,0,0,0,0,0
37109,0,0,0,0,0,0,0,0,0,0,0,0,0,0,0,0,0,0,0,0
37111,0,0,0,0,0,0,0,0,0,0,0,0,0,0,0,0,0,0,0,0
37113,0,0,0,0,0,0,0,0,0,0,0,0,0,0,0,0,0,0,0,0
37115,0,0,0,0,0,0,0,0,0,0,0,0,0,0,0,0,0,0,0,0
37117,0,0,0,0,0,0,0,0,0,0,0,0,0,0,0,0,0,0,0,0
37119,0,0,0,0,0,0,0,0,0,0,0,0,0,0,0,0,0,0,0,0
37121,0,0,0,0,0,0,0,0,0,0,0,0,0,0,0,0,0,0,0,0
37123,0,0,0,0,0,0,0,0,0,0,0,0,0,0,0,0,0,0,0,0
37125,0,0,0,0,0,0,0,0,0,0,0,0,0,0,0,0,0,0,0,0
37127,0,0,0,0,0,0,0,0,0,0,0,0,0,0,0,0,0,0,0,0
37129,0,0,0,0,0,0,0,0,0,0,0,0,0,0,0,0,0,0,0,0
37131,0,0,0,0,0,0,0,0,0,0,0,0,0,0,0,0,0,0,0,0
37133,0,0,0,0,0,0,0,0,0,0,0,0,0,0,0,0,0,0,0,0
37135,0,0,0,0,0,0,0,0,0,0,0,0,0,0,0,0,0,0,0,0
37137,0,0,0,0,0,0,0,0,0,0,0,0,0,0,0,0,0,0,0,0
37139,0,0,0,0,0,0,0,0,0,0,0,0,0,0,0,0,0,0,0,0
37141,0,0,0,0,0,0,0,0,0,0,0,0,0,0,0,0,0,0,0,0
37143,0,0,0,0,0,0,0,0,0,0,0,0,0,0,0,0,0,0,0,0
37145,0,0,0,0,0,0,0,0,0,0,0,0,0,0,0,0,0,0,0,0
37147,0,0,0,0,0,0,0,0,0,0,0,0,0,0,0,0,0,0,0,0
37149,0,0,0,0,0,0,0,0,0,0,0,0,0,0,0,0,0,0,0,0
37151,0,0,0,0,0,0,0,0,0,0,0,0,0,0,0,0,0,0,0,0
37153,0,0,0,0,0,0,0,0,0,0,0,0,0,0,0,0,0,0,0,0
37155,0,0,0,0,0,0,0,0,0,0,0,0,0,0,0,0,0,0,0,0
37157,0,0,0,0,0,0,0,0,0,0,0,0,0,0,0,0,0,0,0,0
37159,0,0,0,0,0,0,0,0,0,0,0,0,0,0,0,0,0,0,0,0
37161,0,0,0,0,0,0,0,0,0,0,0,0,0,0,0,0,0,0,0,0
37163,0,0,0,0,0,0,0,0,0,0,0,0,0,0,0,0,0,0,0,0
37165,0,0,0,0,0,0,0,0,0,0,0,0,0,0,0,0,0,0,0,0
37167,0,0,0,0,0,0,0,0,0,0,0,0,0,0,0,0,0,0,0,0
37169,0,0,0,0,0,0,0,0,0,0,0,0,0,0,0,0,0,0,0,0
37171,0,0,0,0,0,0,0,0,0,0,0,0,0,0,0,0,0,0,0,0
37173,0,0,0,0,0,0,0,0,0,0,0,0,0,0,0,0,0,0,0,0
37175,0,0,0,0,0,0,0,0,0,0,0,0,0,0,0,0,0,0,0,0
37177,0,0,0,0,0,0,0,0,0,0,0,0,0,0,0,0,0,0,0,0
37179,0,0,0,0,0,0,0,0,0,0,0,0,0,0,0,0,0,0,0,0
37181,0,0,0,0,0,0,0,0,0,0,0,0,0,0,0,0,0,0,0,0
37183,0,0,0,0,0,0,0,0,0,0,0,0,0,0,0,0,0,0,0,0
37185,0,0,0,0,0,0,0,0,0,0,0,0,0,0,0,0,0,0,0,0
37187,0,0,0,0,0,0,0,0,0,0,0,0,0,0,0,0,0,0,0,0
37189,0,0,0,0,0,0,0,0,0,0,0,0,0,0,0,0,0,0,0,0
37191,0,0,0,0,0,0,0,0,0,0,0,0,0,0,0,0,0,0,0,0
37193,0,0,0,0,0,0,0,0,0,0,0,0,0,0,0,0,0,0,0,0
37195,0,0,0,0,0,0,0,0,0,0,0,0,0,0,0,0,0,0,0,0
37197,0,0,0,0,0,0,0,0,0,0,0,0,0,0,0,0,0,0,0,0
37199,0,0,0,0,0,0,0,0,0,0,0,0,0,0,0,0,0,0,0,0
38001,0,0,0,0,0,0,0,0,0,0,0,0,0,0,0,0,0,0,0,0
38003,0,0,0,0,0,0,0,0,0,0,0,0,0,0,0,0,0,0,0,0
38005,0,0,0,0,0,0,0,0,0,0,0,0,0,0,0,0,0,0,0,0
38007,0,0,0,0,0,0,0,0,0,0,0,0,0,0,0,0,0,0,0,0
38009,0,0,0,0,0,0,0,0,0,0,0,0,0,0,0,0,0,0,0,0
38011,0,0,0,0,0,0,0,0,0,0,0,0,0,0,0,0,0,0,0,0
38013,0,0,0,0,0,0,0,0,0,0,0,0,0,0,0,0,0,0,0,0
38015,0,0,0,0,0,0,0,0,0,0,0,0,0,0,0,0,0,0,0,0
38017,0,0,0,0,0,0,0,0,0,0,0,0,0,0,0,0,0,0,0,0
38019,0,0,0,0,0,0,0,0,0,0,0,0,0,0,0,0,0,0,0,0
38021,0,0,0,0,0,0,0,0,0,0,0,0,0,0,0,0,0,0,0,0
38023,0,0,0,0,0,0,0,0,0,0,0,0,0,0,0,0,0,0,0,0
38025,0,0,0,0,0,0,0,0,0,0,0,0,0,0,0,0,0,0,0,0
38027,0,0,0,0,0,0,0,0,0,0,0,0,0,0,0,0,0,0,0,0
38029,0,0,0,0,0,0,0,0,0,0,0,0,0,0,0,0,0,0,0,0
38031,0,0,0,0,0,0,0,0,0,0,0,0,0,0,0,0,0,0,0,0
38033,0,0,0,0,0,0,0,0,0,0,0,0,0,0,0,0,0,0,0,0
38035,0,0,0,0,0,0,0,0,0,0,0,0,0,0,0,0,0,0,0,0
38037,0,0,0,0,0,0,0,0,0,0,0,0,0,0,0,0,0,0,0,0
38039,0,0,0,0,0,0,0,0,0,0,0,0,0,0,0,0,0,0,0,0
38041,0,0,0,0,0,0,0,0,0,0,0,0,0,0,0,0,0,0,0,0
38043,0,0,0,0,0,0,0,0,0,0,0,0,0,0,0,0,0,0,0,0
38045,0,0,0,0,0,0,0,0,0,0,0,0,0,0,0,0,0,0,0,0
38047,0,0,0,0,0,0,0,0,0,0,0,0,0,0,0,0,0,0,0,0
38049,0,0,0,0,0,0,0,0,0,0,0,0,0,0,0,0,0,0,0,0
38051,0,0,0,0,0,0,0,0,0,0,0,0,0,0,0,0,0,0,0,0
38053,0,0,0,0,0,0,0,0,0,0,0,0,0,0,0,0,0,0,0,0
38055,0,0,0,0,0,0,0,0,0,0,0,0,0,0,0,0,0,0,0,0
38057,0,0,0,0,0,0,0,0,0,0,0,0,0,0,0,0,0,0,0,0
38059,0,0,0,0,0,0,0,0,0,0,0,0,0,0,0,0,0,0,0,0
38061,0,0,0,0,0,0,0,0,0,0,0,0,0,0,0,0,0,0,0,0
38063,0,0,0,0,0,0,0,0,0,0,0,0,0,0,0,0,0,0,0,0
38065,0,0,0,0,0,0,0,0,0,0,0,0,0,0,0,0,0,0,0,0
38067,0,0,0,0,0,0,0,0,0,0,0,0,0,0,0,0,0,0,0,0
38069,0,0,0,0,0,0,0,0,0,0,0,0,0,0,0,0,0,0,0,0
38071,0,0,0,0,0,0,0,0,0,0,0,0,0,0,0,0,0,0,0,0
38073,0,0,0,0,0,0,0,0,0,0,0,0,0,0,0,0,0,0,0,0
38075,0,0,0,0,0,0,0,0,0,0,0,0,0,0,0,0,0,0,0,0
38077,0,0,0,0,0,0,0,0,0,0,0,0,0,0,0,0,0,0,0,0
38079,0,0,0,0,0,0,0,0,0,0,0,0,0,0,0,0,0,0,0,0
38081,0,0,0,0,0,0,0,0,0,0,0,0,0,0,0,0,0,0,0,0
38083,0,0,0,0,0,0,0,0,0,0,0,0,0,0,0,0,0,0,0,0
38085,0,0,0,0,0,0,0,0,0,0,0,0,0,0,0,0,0,0,0,0
38087,0,0,0,0,0,0,0,0,0,0,0,0,0,0,0,0,0,0,0,0
38089,0,0,0,0,0,0,0,0,0,0,0,0,0,0,0,0,0,0,0,0
38091,0,0,0,0,0,0,0,0,0,0,0,0,0,0,0,0,0,0,0,0
38093,0,0,0,0,0,0,0,0,0,0,0,0,0,0,0,0,0,0,0,0
38095,0,0,0,0,0,0,0,0,0,0,0,0,0,0,0,0,0,0,0,0
38097,0,0,0,0,0,0,0,0,0,0,0,0,0,0,0,0,0,0,0,0
38099,0,0,0,0,0,0,0,0,0,0,0,0,0,0,0,0,0,0,0,0
38101,0,0,0,0,0,0,0,0,0,0,0,0,0,0,0,0,0,0,0,0
38103,0,0,0,0,0,0,0,0,0,0,0,0,0,0,0,0,0,0,0,0
38105,0,0,0,0,0,0,0,0,0,0,0,0,0,0,0,0,0,0,0,0
39001,0,0,0,0,0,0,0,0,0,0,0,0,0,0,0,0,0,0,0,0
39003,0,0,0,0,0,0,0,0,0,0,0,0,0,0,0,0,0,0,0,0
39005,0,0,0,0,0,0,0,0,0,0,0,0,0,0,0,0,0,0,0,0
39007,0,0,0,0,0,0,0,0,0,0,0,0,0,0,0,0,0,0,0,0
39009,0,0,0,0,0,0,0,0,0,0,0,0,0,0,0,0,0,0,0,0
39011,0,0,0,0,0,0,0,0,0,0,0,0,0,0,0,0,0,0,0,0
39013,0,0,0,0,0,0,0,0,0,0,0,0,0,0,0,0,0,0,0,0
39015,0,0,0,0,0,0,0,0,0,0,0,0,0,0,0,0,0,0,0,0
39017,7.14110533279441e-10,2.77518619663948e-05,0,0,0,0,0,0,0,0,0,0,0,0,0,0,0,0,0,0
39019,0,0,0,0,0,0,0,0,0,0,0,0,0,0,0,0,0,0,0,0
39021,0,0,0,0,0,0,0,0,0,0,0,0,0,0,0,0,0,0,0,0
39023,0,0,0,0,0,0,0,0,0,0,0,0,0,0,0,0,0,0,0,0
39025,0,0,0,0,0,0,0,0,0,0,0,0,0,0,0,0,0,0,0,0
39027,0,0,0,0,0,0,0,0,0,0,0,0,0,0,0,0,0,0,0,0
39029,0,0,0,0,0,0,0,0,0,0,0,0,0,0,0,0,0,0,0,0
39031,0,0,0,0,0,0,0,0,0,0,0,0,0,0,0,0,0,0,0,0
39033,0,0,0,0,0,0,0,0,0,0,0,0,0,0,0,0,0,0,0,0
39035,0,0,0,0,0,0,0,0,0,0,0,0,0,0,0,0,0,0,0,0
39037,0,0,0,0,0,0,0,0,0,0,0,0,0,0,0,0,0,0,0,0
39039,0,0,0,0,0,0,0,0,0,0,0,0,0,0,0,0,0,0,0,0
39041,0,0,0,0,0,0,0,0,0,0,0,0,0,0,0,0,0,0,0,0
39043,0,0,0,0,0,0,0,0,0,0,0,0,0,0,0,0,0,0,0,0
39045,0,0,0,0,0,0,0,0,0,0,0,0,0,0,0,0,0,0,0,0
39047,0,0,0,0,0,0,0,0,0,0,0,0,0,0,0,0,0,0,0,0
39049,0,0,0,0,0,0,0,0,0,0,0,0,0,0,0,0,0,0,0,0
39051,0,0,0,0,0,0,0,0,0,0,0,0,0,0,0,0,0,0,0,0
39053,0,0,0,0,0,0,0,0,0,0,0,0,0,0,0,0,0,0,0,0
39055,0,0,0,0,0,0,0,0,0,0,0,0,0,0,0,0,0,0,0,0
39057,2.08005127119137e-08,0.000130513738571397,0,0,0,0,0,0,0,0,0,0,0,0,0,0,0,0,0,0
39059,0,0,0,0,0,0,0,0,0,0,0,0,0,0,0,0,0,0,0,0
39061,9.11670393727058e-10,1.27585096338857e-06,0,0,0,0,0,0,0,0,0,0,0,0,0,0,0,0,0,0
39063,0,0,0,0,0,0,0,0,0,0,0,0,0,0,0,0,0,0,0,0
39065,0,0,0,0,0,0,0,0,0,0,0,0,0,0,0,0,0,0,0,0
39067,0,0,0,0,0,0,0,0,0,0,0,0,0,0,0,0,0,0,0,0
39069,0,0,0,0,0,0,0,0,0,0,0,0,0,0,0,0,0,0,0,0
39071,0,0,0,0,0,0,0,0,0,0,0,0,0,0,0,0,0,0,0,0
39073,0,0,0,0,0,0,0,0,0,0,0,0,0,0,0,0,0,0,0,0
39075,0,0,0,0,0,0,0,0,0,0,0,0,0,0,0,0,0,0,0,0
39077,0,0,0,0,0,0,0,0,0,0,0,0,0,0,0,0,0,0,0,0
39079,0,0,0,0,0,0,0,0,0,0,0,0,0,0,0,0,0,0,0,0
39081,0,0,0,0,0,0,0,0,0,0,0,0,0,0,0,0,0,0,0,0
39083,0,0,0,0,0,0,0,0,0,0,0,0,0,0,0,0,0,0,0,0
39085,0,0,0,0,0,0,0,0,0,0,0,0,0,0,0,0,0,0,0,0
39087,0,0,0,0,0,0,0,0,0,0,0,0,0,0,0,0,0,0,0,0
39089,0,0,0,0,0,0,0,0,0,0,0,0,0,0,0,0,0,0,0,0
39091,0,0,0,0,0,0,0,0,0,0,0,0,0,0,0,0,0,0,0,0
39093,0,0,0,0,0,0,0,0,0,0,0,0,0,0,0,0,0,0,0,0
39095,0,0,0,0,0,0,0,0,0,0,0,0,0,0,0,0,0,0,0,0
39097,0,0,0,0,0,0,0,0,0,0,0,0,0,0,0,0,0,0,0,0
39099,0,0,0,0,0,0,0,0,0,0,0,0,0,0,0,0,0,0,0,0
39101,0,0,0,0,0,0,0,0,0,0,0,0,0,0,0,0,0,0,0,0
39103,0,0,0,0,0,0,0,0,0,0,0,0,0,0,0,0,0,0,0,0
39105,0,0,0,0,0,0,0,0,0,0,0,0,0,0,0,0,0,0,0,0
39107,0,0,0,0,0,0,0,0,0,0,0,0,0,0,0,0,0,0,0,0
39109,1.21960316641265e-08,0.000151438444331587,0,0,0,0,0,0,0,0,0,0,0,0,0,0,0,0,0,0
39111,0,0,0,0,0,0,0,0,0,0,0,0,0,0,0,0,0,0,0,0
39113,1.6456186905592e-08,0.000603094628097077,0,0,0,0,0,0,0,0,0,0,0,0,0,0,0,0,0,0
39115,0,0,0,0,0,0,0,0,0,0,0,0,0,0,0,0,0,0,0,0
39117,0,0,0,0,0,0,0,0,0,0,0,0,0,0,0,0,0,0,0,0
39119,0,0,0,0,0,0,0,0,0,0,0,0,0,0,0,0,0,0,0,0
39121,0,0,0,0,0,0,0,0,0,0,0,0,0,0,0,0,0,0,0,0
39123,0,0,0,0,0,0,0,0,0,0,0,0,0,0,0,0,0,0,0,0
39125,0,0,0,0,0,0,0,0,0,0,0,0,0,0,0,0,0,0,0,0
39127,0,0,0,0,0,0,0,0,0,0,0,0,0,0,0,0,0,0,0,0
39129,0,0,0,0,0,0,0,0,0,0,0,0,0,0,0,0,0,0,0,0
39131,0,0,0,0,0,0,0,0,0,0,0,0,0,0,0,0,0,0,0,0
39133,0,0,0,0,0,0,0,0,0,0,0,0,0,0,0,0,0,0,0,0
39135,0,0,0,0,0,0,0,0,0,0,0,0,0,0,0,0,0,0,0,0
39137,0,0,0,0,0,0,0,0,0,0,0,0,0,0,0,0,0,0,0,0
39139,0,0,0,0,0,0,0,0,0,0,0,0,0,0,0,0,0,0,0,0
39141,0,0,0,0,0,0,0,0,0,0,0,0,0,0,0,0,0,0,0,0
39143,0,0,0,0,0,0,0,0,0,0,0,0,0,0,0,0,0,0,0,0
39145,0,0,0,0,0,0,0,0,0,0,0,0,0,0,0,0,0,0,0,0
39147,0,0,0,0,0,0,0,0,0,0,0,0,0,0,0,0,0,0,0,0
39149,0,0,0,0,0,0,0,0,0,0,0,0,0,0,0,0,0,0,0,0
39151,0,0,0,0,0,0,0,0,0,0,0,0,0,0,0,0,0,0,0,0
39153,0,0,0,0,0,0,0,0,0,0,0,0,0,0,0,0,0,0,0,0
39155,0,0,0,0,0,0,0,0,0,0,0,0,0,0,0,0,0,0,0,0
39157,0,0,0,0,0,0,0,0,0,0,0,0,0,0,0,0,0,0,0,0
39159,0,0,0,0,0,0,0,0,0,0,0,0,0,0,0,0,0,0,0,0
39161,0,0,0,0,0,0,0,0,0,0,0,0,0,0,0,0,0,0,0,0
39163,0,0,0,0,0,0,0,0,0,0,0,0,0,0,0,0,0,0,0,0
39165,7.62281189422053e-10,2.10741830281088e-06,0,0,0,0,0,0,0,0,0,0,0,0,0,0,0,0,0,0
39167,0,0,0,0,0,0,0,0,0,0,0,0,0,0,0,0,0,0,0,0
39169,0,0,0,0,0,0,0,0,0,0,0,0,0,0,0,0,0,0,0,0
39171,0,0,0,0,0,0,0,0,0,0,0,0,0,0,0,0,0,0,0,0
39173,0,0,0,0,0,0,0,0,0,0,0,0,0,0,0,0,0,0,0,0
39175,0,0,0,0,0,0,0,0,0,0,0,0,0,0,0,0,0,0,0,0
40001,0,0,0,0,0,0,0,0,0,0,0,0,0,0,0,0,0,0,0,0
40003,0,0,0,0,0,0,0,0,0,0,0,0,0,0,0,0,0,0,0,0
40005,0,0,0,0,0,0,0,0,0,0,0,0,0,0,0,0,0,0,0,0
40007,0,0,0,0,0,0,0,0,0,0,0,0,0,0,0,0,0,0,0,0
40009,0,0,0,0,0,0,0,0,0,0,0,0,0,0,0,0,0,0,0,0
40011,0,0,0,0,0,0,0,0,0,0,0,0,0,0,0,0,0,0,0,0
40013,0,0,0,0,0,0,0,0,0,0,0,0,0,0,0,0,0,0,0,0
40015,0,0,0,0,0,0,0,0,0,0,0,0,0,0,0,0,0,0,0,0
40017,0,0,0,0,0,0,0,0,0,0,0,0,0,0,0,0,0,0,0,0
40019,0,0,0,0,0,0,0,0,0,0,0,0,0,0,0,0,0,0,0,0
40021,0,0,0,0,0,0,0,0,0,0,0,0,0,0,0,0,0,0,0,0
40023,0,0,0,0,0,0,0,0,0,0,0,0,0,0,0,0,0,0,0,0
40025,0,0,0,0,0,0,0,0,0,0,0,0,0,0,0,0,0,0,0,0
40027,0,0,0,0,0,0,0,0,0,0,0,0,0,0,0,0,0,0,0,0
40029,0,0,0,0,0,0,0,0,0,0,0,0,0,0,0,0,0,0,0,0
40031,0,0,0,0,0,0,0,0,0,0,0,0,0,0,0,0,0,0,0,0
40033,0,0,0,0,0,0,0,0,0,0,0,0,0,0,0,0,0,0,0,0
40035,0,0,0,0,0,0,0,0,0,0,0,0,0,0,0,0,0,0,0,0
40037,0,0,0,0,0,0,0,0,0,0,0,0,0,0,0,0,0,0,0,0
40039,0,0,0,0,0,0,0,0,0,0,0,0,0,0,0,0,0,0,0,0
40041,0,0,0,0,0,0,0,0,0,0,0,0,0,0,0,0,0,0,0,0
40043,0,0,0,0,0,0,0,0,0,0,0,0,0,0,0,0,0,0,0,0
40045,0,0,0,0,0,0,0,0,0,0,0,0,0,0,0,0,0,0,0,0
40047,0,0,0,0,0,0,0,0,0,0,0,0,0,0,0,0,0,0,0,0
40049,0,0,0,0,0,0,0,0,0,0,0,0,0,0,0,0,0,0,0,0
40051,0,0,0,0,0,0,0,0,0,0,0,0,0,0,0,0,0,0,0,0
40053,0,0,0,0,0,0,0,0,0,0,0,0,0,0,0,0,0,0,0,0
40055,0,0,0,0,0,0,0,0,0,0,0,0,0,0,0,0,0,0,0,0
40057,0,0,0,0,0,0,0,0,0,0,0,0,0,0,0,0,0,0,0,0
40059,0,0,0,0,0,0,0,0,0,0,0,0,0,0,0,0,0,0,0,0
40061,0,0,0,0,0,0,0,0,0,0,0,0,0,0,0,0,0,0,0,0
40063,0,0,0,0,0,0,0,0,0,0,0,0,0,0,0,0,0,0,0,0
40065,0,0,0,0,0,0,0,0,0,0,0,0,0,0,0,0,0,0,0,0
40067,0,0,0,0,0,0,0,0,0,0,0,0,0,0,0,0,0,0,0,0
40069,0,0,0,0,0,0,0,0,0,0,0,0,0,0,0,0,0,0,0,0
40071,0,0,0,0,0,0,0,0,0,0,0,0,0,0,0,0,0,0,0,0
40073,0,0,0,0,0,0,0,0,0,0,0,0,0,0,0,0,0,0,0,0
40075,0,0,0,0,0,0,0,0,0,0,0,0,0,0,0,0,0,0,0,0
40077,0,0,0,0,0,0,0,0,0,0,0,0,0,0,0,0,0,0,0,0
40079,0,0,0,0,0,0,0,0,0,0,0,0,0,0,0,0,0,0,0,0
40081,0,0,0,0,0,0,0,0,0,0,0,0,0,0,0,0,0,0,0,0
40083,0,0,0,0,0,0,0,0,0,0,0,0,0,0,0,0,0,0,0,0
40085,0,0,0,0,0,0,0,0,0,0,0,0,0,0,0,0,0,0,0,0
40087,0,0,0,0,0,0,0,0,0,0,0,0,0,0,0,0,0,0,0,0
40089,0,0,0,0,0,0,0,0,0,0,0,0,0,0,0,0,0,0,0,0
40091,0,0,0,0,0,0,0,0,0,0,0,0,0,0,0,0,0,0,0,0
40093,0,0,0,0,0,0,0,0,0,0,0,0,0,0,0,0,0,0,0,0
40095,0,0,0,0,0,0,0,0,0,0,0,0,0,0,0,0,0,0,0,0
40097,0,0,0,0,0,0,0,0,0,0,0,0,0,0,0,0,0,0,0,0
40099,0,0,0,0,0,0,0,0,0,0,0,0,0,0,0,0,0,0,0,0
40101,0,0,0,0,0,0,0,0,0,0,0,0,0,0,0,0,0,0,0,0
40103,0,0,0,0,0,0,0,0,0,0,0,0,0,0,0,0,0,0,0,0
40105,0,0,0,0,0,0,0,0,0,0,0,0,0,0,0,0,0,0,0,0
40107,0,0,0,0,0,0,0,0,0,0,0,0,0,0,0,0,0,0,0,0
40109,0,0,0,0,0,0,0,0,0,0,0,0,0,0,0,0,0,0,0,0
40111,0,0,0,0,0,0,0,0,0,0,0,0,0,0,0,0,0,0,0,0
40113,0,0,0,0,0,0,0,0,0,0,0,0,0,0,0,0,0,0,0,0
40115,0,0,0,0,0,0,0,0,0,0,0,0,0,0,0,0,0,0,0,0
40117,0,0,0,0,0,0,0,0,0,0,0,0,0,0,0,0,0,0,0,0
40119,0,0,0,0,0,0,0,0,0,0,0,0,0,0,0,0,0,0,0,0
40121,0,0,0,0,0,0,0,0,0,0,0,0,0,0,0,0,0,0,0,0
40123,0,0,0,0,0,0,0,0,0,0,0,0,0,0,0,0,0,0,0,0
40125,0,0,0,0,0,0,0,0,0,0,0,0,0,0,0,0,0,0,0,0
40127,0,0,0,0,0,0,0,0,0,0,0,0,0,0,0,0,0,0,0,0
40129,0,0,0,0,0,0,0,0,0,0,0,0,0,0,0,0,0,0,0,0
40131,0,0,0,0,0,0,0,0,0,0,0,0,0,0,0,0,0,0,0,0
40133,0,0,0,0,0,0,0,0,0,0,0,0,0,0,0,0,0,0,0,0
40135,0,0,0,0,0,0,0,0,0,0,0,0,0,0,0,0,0,0,0,0
40137,0,0,0,0,0,0,0,0,0,0,0,0,0,0,0,0,0,0,0,0
40139,0,0,0,0,0,0,0,0,0,0,0,0,0,0,0,0,0,0,0,0
40141,0,0,0,0,0,0,0,0,0,0,0,0,0,0,0,0,0,0,0,0
40143,0,0,0,0,0,0,0,0,0,0,0,0,0,0,0,0,0,0,0,0
40145,0,0,0,0,0,0,0,0,0,0,0,0,0,0,0,0,0,0,0,0
40147,0,0,0,0,0,0,0,0,0,0,0,0,0,0,0,0,0,0,0,0
40149,0,0,0,0,0,0,0,0,0,0,0,0,0,0,0,0,0,0,0,0
40151,0,0,0,0,0,0,0,0,0,0,0,0,0,0,0,0,0,0,0,0
40153,0,0,0,0,0,0,0,0,0,0,0,0,0,0,0,0,0,0,0,0
41001,8.33376579025386e-05,3.78463396048817e-06,0,0,0.000121506281292914,0.000105574830544176,1.93931836296255e-06,0.0393547522439736,0,2.59451108335518e-06,8.58654073224834e-08,0,0,0,0,0,5.130714452091e-09,0,0,0.000148270524445558
41003,0,0,0,0,0,0,0,0,0,0,0,0,0,0,0,0,0,0,0,0
41005,0,0,0,0,0,0,0,0,0,0,0,0,0,0,0,0,0,0,0,0
41007,0,0,0,0,0,0,0,0,0,0,0,0,0,0,0,0,0,0,0,0
41009,0,0,0,0,0,0,0,0,0,0,0,0,0,0,0,0,0,0,0,0
41011,0,0,0,0,0,0,0,0,0,0,0,0,0,0,0,0,0,0,0,0
41013,0,0,0,0,4.85940657917064e-09,1.88984068110583e-05,0,0.00429078000157629,0,0,0,0,0,0,0,0,0,0,0,8.44485931556506e-05
41015,0,0,0,0,0,0,0,0,0,0,0,0,0,0,0,0,0,0,0,0
41017,0,0,0,0,0,1.03772533431058e-08,0,0.000964104909159192,0,0,0,0,0,0,0,0,0,0,0,0
41019,0,0,0,0,0,0,0,0,0,0,0,0,0,0,0,0,0,0,0,0
41021,0.000687748181611019,0,0,0,0,9.55895984470544e-05,0.000284680898059642,0.000281480368345515,0,0,0,0,0,0,0,0,0,0,0,0.0102229708803341
41023,2.34625935747088e-07,1.40373931441162e-10,0,0,0,3.78599545379767e-07,0,0.000214826850759916,0,0,7.72772855010142e-07,0,0,0,0,0,0,0,0,0
41025,0.00479172393167746,6.33605663140131e-05,0,0,1.2797844523902e-08,0.00250969586262752,0.000405323939351321,0.137040755699442,0,0,0,0,0,3.44686701839667e-06,0,0,0,0,0,1.42086687355732e-05
41027,0,0,0,0,0,0,0,0,0,0,0,0,0,0,0,0,0,0,0,0
41029,0,0,0,0,0,0,0,0,0,0,0,0,0,0,0,0,0,0,0,0
41031,0,0,0,0,2.77144101145072e-07,6.80369253945918e-05,0.000957296146811776,0.00285775683184196,0,0,0,0,0,1.42112127652526e-09,0,0,0,0,0,0.000127096232666714
41033,0,0,0,0,0,0,0,0,0,0,0,0,0,0,0,0,0,0,0,0
41035,0.0137738642383498,0,0,0,0.00422347669218085,0.002490002466314,0,0.152681387369762,0,0,0,0,0,0.00168379139684769,0,0,0,0,0,0.0162777781869058
41037,1.46990030964137e-05,0,0,0,0.000584991758586232,0.00225470970692995,0,0.0319757325204841,0,8.74568353009288e-08,0,0,0,0.000773620920007015,0,0,0,0,0,5.16839377387187e-05
41039,0,0,0,0,0,0,0,0,0,0,0,0,0,0,0,0,0,0,0,0
41041,0,0,0,0,0,0,0,0,0,0,0,0,0,0,0,0,0,0,0,0
41043,0,0,0,0,0,0,0,0,0,0,0,0,0,0,0,0,0,0,0,0
41045,0.000538363328031125,0.0103685173182992,0,0,7.49542876896167e-05,0.000335859204213334,4.75664752850925e-05,0.0195072238788444,0,0.00107044193498264,0.00467444116537053,0,0,0,0,0,0.00305943409098505,0,0,0.011402659485389
41047,0,0,0,0,0,0,0,0,0,0,0,0,0,0,0,0,0,0,0,0
41049,8.85436957994368e-05,0,0,0,3.63492503254935e-08,0.000229428918486718,0.000210962850044144,0.00255552583628741,0,0,5.94587949547862e-05,0,0,0,0,0,0,0,0,0.0203663871086297
41051,0,0,0,0,0,0,0,0,0,0,0,0,0,0,0,0,0,0,0,0
41053,0,0,0,0,0,0,0,0,0,0,0,0,0,0,0,0,0,0,0,0
41055,0.000168308421451082,0,0,0,0,1.52882789834508e-05,2.76445401785629e-05,0.000157146285205154,0,0,6.86325916912229e-07,0,0,0,0,0,0,0,0,0.00514560165943439
41057,0,0,0,0,0,0,0,0,0,0,0,0,0,0,0,0,0,0,0,0
41059,0,0,0,0,0,2.83637805163546e-06,0.00247710636742964,0.00714732159545909,0,0,0,0,0,0,0,0,0,0,0,0.00276494186035275
41061,0,0,0,0,0,0,0,0,0,0,0,0,0,0,0,0,0,0,0,0
41063,0,0,0,0,0,0,0,0,0,0,0,0,0,0,0,0,0,0,0,0
41065,0.000313086331610423,7.84021096545545e-07,0,0,4.70149988395451e-06,0.000363732704915732,0.00342348869471159,0.00311003213307386,0,3.85023685536671e-08,5.40331051588196e-06,0,0,4.83701054143089e-10,0,0,4.6238357551361e-07,0,0,0.025854691490965
41067,0,0,0,0,0,0,0,0,0,0,0,0,0,0,0,0,0,0,0,0
41069,1.94861702918793e-07,0,0,0,2.74351549797848e-07,3.66577105437902e-05,0,0.000553293022359259,0,0,0,0,0,0,0,0,0,0,0,0.000369178495164902
41071,0,0,0,0,0,0,0,0,0,0,0,0,0,0,0,0,0,0,0,0
42001,0,0,0,0,0,0,0,0,0,0,0,0,0,0,0,0,0,0,0,0
42003,0,0,0,0,0,0,0,0,0,0,0,0,0,0,0,0,0,0,0,0
42005,0,0,0,0,0,0,0,0,0,0,0,0,0,0,0,0,0,0,0,0
42007,0,0,0,0,0,0,0,0,0,0,0,0,0,0,0,0,0,0,0,0
42009,0,0,0,0,0,0,0,0,0,0,0,0,0,0,0,0,0,0,0,0
42011,0,0,0,0,0,0,0,0,0,0,0,0,0,0,0,0,0,0,0,0
42013,0,0,0,0,0,0,0,0,0,0,0,0,0,0,0,0,0,0,0,0
42015,0,0,0,0,0,0,0,0,0,0,0,0,0,0,0,0,0,0,0,0
42017,0,0,0,0,0,0,0,0,0,0,0,0,0,0,0,0,0,0,0,0
42019,0,0,0,0,0,0,0,0,0,0,0,0,0,0,0,0,0,0,0,0
42021,0,0,0,0,0,0,0,0,0,0,0,0,0,0,0,0,0,0,0,0
42023,0,0,0,0,0,0,0,0,0,0,0,0,0,0,0,0,0,0,0,0
42025,0,0,0,0,0,0,0,0,0,0,0,0,0,0,0,0,0,0,0,0
42027,0,0,0,0,0,0,0,0,0,0,0,0,0,0,0,0,0,0,0,0
42029,0,0,0,0,0,0,0,0,0,0,0,0,0,0,0,0,0,0,0,0
42031,0,0,0,0,0,0,0,0,0,0,0,0,0,0,0,0,0,0,0,0
42033,0,0,0,0,0,0,0,0,0,0,0,0,0,0,0,0,0,0,0,0
42035,0,0,0,0,0,0,0,0,0,0,0,0,0,0,0,0,0,0,0,0
42037,0,0,0,0,0,0,0,0,0,0,0,0,0,0,0,0,0,0,0,0
42039,0,0,0,0,0,0,0,0,0,0,0,0,0,0,0,0,0,0,0,0
42041,0,0,0,0,0,0,0,0,0,0,0,0,0,0,0,0,0,0,0,0
42043,0,0,0,0,0,0,0,0,0,0,0,0,0,0,0,0,0,0,0,0
42045,0,0,0,0,0,0,0,0,0,0,0,0,0,0,0,0,0,0,0,0
42047,0,0,0,0,0,0,0,0,0,0,0,0,0,0,0,0,0,0,0,0
42049,0,0,0,0,0,0,0,0,0,0,0,0,0,0,0,0,0,0,0,0
42051,0,0,0,0,0,0,0,0,0,0,0,0,0,0,0,0,0,0,0,0
42053,0,0,0,0,0,0,0,0,0,0,0,0,0,0,0,0,0,0,0,0
42055,0,0,0,0,0,0,0,0,0,0,0,0,0,0,0,0,0,0,0,0
42057,0,0,0,0,0,0,0,0,0,0,0,0,0,0,0,0,0,0,0,0
42059,0,0,0,0,0,0,0,0,0,0,0,0,0,0,0,0,0,0,0,0
42061,0,0,0,0,0,0,0,0,0,0,0,0,0,0,0,0,0,0,0,0
42063,0,0,0,0,0,0,0,0,0,0,0,0,0,0,0,0,0,0,0,0
42065,0,0,0,0,0,0,0,0,0,0,0,0,0,0,0,0,0,0,0,0
42067,0,0,0,0,0,0,0,0,0,0,0,0,0,0,0,0,0,0,0,0
42069,0,0,0,0,0,0,0,0,0,0,0,0,0,0,0,0,0,0,0,0
42071,0,0,0,0,0,0,0,0,0,0,0,0,0,0,0,0,0,0,0,0
42073,0,0,0,0,0,0,0,0,0,0,0,0,0,0,0,0,0,0,0,0
42075,0,0,0,0,0,0,0,0,0,0,0,0,0,0,0,0,0,0,0,0
42077,0,0,0,0,0,0,0,0,0,0,0,0,0,0,0,0,0,0,0,0
42079,0,0,0,0,0,0,0,0,0,0,0,0,0,0,0,0,0,0,0,0
42081,0,0,0,0,0,0,0,0,0,0,0,0,0,0,0,0,0,0,0,0
42083,0,0,0,0,0,0,0,0,0,0,0,0,0,0,0,0,0,0,0,0
42085,0,0,0,0,0,0,0,0,0,0,0,0,0,0,0,0,0,0,0,0
42087,0,0,0,0,0,0,0,0,0,0,0,0,0,0,0,0,0,0,0,0
42089,0,0,0,0,0,0,0,0,0,0,0,0,0,0,0,0,0,0,0,0
42091,0,0,0,0,0,0,0,0,0,0,0,0,0,0,0,0,0,0,0,0
42093,0,0,0,0,0,0,0,0,0,0,0,0,0,0,0,0,0,0,0,0
42095,0,0,0,0,0,0,0,0,0,0,0,0,0,0,0,0,0,0,0,0
42097,0,0,0,0,0,0,0,0,0,0,0,0,0,0,0,0,0,0,0,0
42099,0,0,0,0,0,0,0,0,0,0,0,0,0,0,0,0,0,0,0,0
42101,0,0,0,0,0,0,0,0,0,0,0,0,0,0,0,0,0,0,0,0
42103,0,0,0,0,0,0,0,0,0,0,0,0,0,0,0,0,0,0,0,0
42105,0,0,0,0,0,0,0,0,0,0,0,0,0,0,0,0,0,0,0,0
42107,0,0,0,0,0,0,0,0,0,0,0,0,0,0,0,0,0,0,0,0
42109,0,0,0,0,0,0,0,0,0,0,0,0,0,0,0,0,0,0,0,0
42111,0,0,0,0,0,0,0,0,0,0,0,0,0,0,0,0,0,0,0,0
42113,0,0,0,0,0,0,0,0,0,0,0,0,0,0,0,0,0,0,0,0
42115,0,0,0,0,0,0,0,0,0,0,0,0,0,0,0,0,0,0,0,0
42117,0,0,0,0,0,0,0,0,0,0,0,0,0,0,0,0,0,0,0,0
42119,0,0,0,0,0,0,0,0,0,0,0,0,0,0,0,0,0,0,0,0
42121,0,0,0,0,0,0,0,0,0,0,0,0,0,0,0,0,0,0,0,0
42123,0,0,0,0,0,0,0,0,0,0,0,0,0,0,0,0,0,0,0,0
42125,0,0,0,0,0,0,0,0,0,0,0,0,0,0,0,0,0,0,0,0
42127,0,0,0,0,0,0,0,0,0,0,0,0,0,0,0,0,0,0,0,0
42129,0,0,0,0,0,0,0,0,0,0,0,0,0,0,0,0,0,0,0,0
42131,0,0,0,0,0,0,0,0,0,0,0,0,0,0,0,0,0,0,0,0
42133,0,0,0,0,0,0,0,0,0,0,0,0,0,0,0,0,0,0,0,0
44001,0,0,0,0,0,0,0,0,0,0,0,0,0,0,0,0,0,0,0,0
44003,0,0,0,0,0,0,0,0,0,0,0,0,0,0,0,0,0,0,0,0
44005,0,0,0,0,0,0,0,0,0,0,0,0,0,0,0,0,0,0,0,0
44007,0,0,0,0,0,0,0,0,0,0,0,0,0,0,0,0,0,0,0,0
44009,0,0,0,0,0,0,0,0,0,0,0,0,0,0,0,0,0,0,0,0
45001,0,0,0,0,0,0,0,0,0,0,0,0,0,0,0,0,0,0,0,0
45003,1.14947481774523e-08,9.29241883439371e-06,1.00919613592901e-06,1.44671618672316e-07,2.53648640596072e-06,3.87948863889713e-08,3.05609354029109e-06,4.11743562393566e-05,1.57852822044183e-06,0,0,0,0,5.65300090828487e-06,1.96241897765665e-07,3.8233542750094e-05,0,0,0,5.87155929083978e-06
45005,0,4.49704335840985e-09,5.01555208549331e-09,0,1.13295312843695e-07,8.96638591423185e-08,2.53173977219394e-10,5.5076245243348e-08,2.74439457485508e-10,0,0,0,0,1.82400633884004e-08,4.07190830553812e-10,1.98058739473033e-08,0,0,0,4.17810708992379e-10
45007,0,0,0,0,0,0,0,0,0,0,0,0,0,0,0,0,0,0,0,0
45009,0,0,0,0,0,2.37165098515954e-08,0,0,1.93809300242912e-07,0,0,0,0,5.56952148940054e-10,7.78200580057554e-08,0,0,0,0,3.09543036273178e-09
45011,0,1.42350695714011e-07,6.53236195856742e-08,4.44673847763054e-08,6.13740328114007e-08,1.24653905836947e-08,1.35146200613498e-07,6.57575000988988e-07,1.39443347839146e-08,0,0,3.44951545831122e-12,0,2.12172857152934e-07,9.40259254415326e-10,1.18836245323106e-06,0,0,0,2.79850563271725e-08
45013,0,0,0,0,0,0,0,0,0,0,0,0,0,0,0,0,0,0,0,0
45015,0,0,0,0,0,0,0,0,0,0,0,0,0,0,0,0,0,0,0,0
45017,0,0,0,0,0,0,0,0,0,0,0,0,0,0,0,0,0,0,0,0
45019,0,0,0,0,0,0,0,0,0,0,0,0,0,0,0,0,0,0,0,0
45021,0,0,0,0,0,0,0,0,0,0,0,0,0,0,0,0,0,0,0,0
45023,0,0,0,0,0,0,0,0,0,0,0,0,0,0,0,0,0,0,0,0
45025,0,0,0,0,0,0,0,0,0,0,0,0,0,0,0,0,0,0,0,0
45027,0,0,0,0,0,0,0,0,0,0,0,0,0,0,0,0,0,0,0,0
45029,0,0,0,0,0,0,0,0,0,0,0,0,0,0,0,0,0,0,0,0
45031,0,0,0,0,0,0,0,0,0,0,0,0,0,0,0,0,0,0,0,0
45033,0,0,0,0,0,0,0,0,0,0,0,0,0,0,0,0,0,0,0,0
45035,0,0,0,0,0,0,0,0,0,0,0,0,0,0,0,0,0,0,0,0
45037,0,0,0,0,0,0,0,0,0,0,0,0,0,0,0,0,0,0,0,0
45039,0,0,0,0,0,0,0,0,0,0,0,0,0,0,0,0,0,0,0,0
45041,0,0,0,0,0,0,0,0,0,0,0,0,0,0,0,0,0,0,0,0
45043,0,0,0,0,0,0,0,0,0,0,0,0,0,0,0,0,0,0,0,0
45045,0,0,0,0,0,0,0,0,0,0,0,0,0,0,0,0,0,0,0,0
45047,0,0,0,0,0,0,0,0,0,0,0,0,0,0,0,0,0,0,0,0
45049,0,0,0,0,0,0,0,0,0,0,0,0,0,0,0,0,0,0,0,0
45051,0,0,0,0,0,0,0,0,0,0,0,0,0,0,0,0,0,0,0,0
45053,0,0.000278808306942742,0.00012215200303613,8.13065601508044e-07,1.62309130102326e-05,0,0.000132920874267765,7.74749319370059e-05,7.72205122379753e-05,0,1.23603550497891e-07,0,0,0,1.06690970079195e-06,0.000221588354088102,0,0,0,3.10696961725243e-06
45055,0,0,0,0,0,0,0,0,0,0,0,0,0,0,0,0,0,0,0,0
45057,0,0,0,0,0,0,0,0,0,0,0,0,0,0,0,0,0,0,0,0
45059,0,0,0,0,0,0,0,0,0,0,0,0,0,0,0,0,0,0,0,0
45061,0,0,0,0,0,0,0,0,0,0,0,0,0,0,0,0,0,0,0,0
45063,0,0,0,0,0,0,0,0,0,0,0,0,0,0,0,0,0,0,0,0
45065,0,0,0,0,0,0,0,0,0,0,0,0,0,0,0,0,0,0,0,0
45067,0,0,0,0,0,0,0,0,0,0,0,0,0,0,0,0,0,0,0,0
45069,0,0,0,0,0,0,0,0,0,0,0,0,0,0,0,0,0,0,0,0
45071,0,0,0,0,0,0,0,0,0,0,0,0,0,0,0,0,0,0,0,0
45073,0,0,0,0,0,0,0,0,0,0,0,0,0,0,0,0,0,0,0,0
45075,0,0,0,3.15743755683131e-08,9.07944673377175e-09,3.32514955042675e-07,0,0,8.36410000424763e-08,0,2.89163111056738e-08,0,0,3.39726106085844e-10,2.2181010188953e-08,0,0,0,7.85043287933511e-09,1.18334665064945e-09
45077,0,0,0,0,0,0,0,0,0,0,0,0,0,0,0,0,0,0,0,0
45079,0,0,0,0,0,0,0,0,0,0,0,0,0,0,0,0,0,0,0,0
45081,0,0,0,0,0,0,0,0,0,0,0,0,0,0,0,0,0,0,0,0
45083,0,0,0,0,0,0,0,0,0,0,0,0,0,0,0,0,0,0,0,0
45085,0,0,0,0,0,0,0,0,0,0,0,0,0,0,0,0,0,0,0,0
45087,0,0,0,0,0,0,0,0,0,0,0,0,0,0,0,0,0,0,0,0
45089,0,0,0,0,0,0,0,0,0,0,0,0,0,0,0,0,0,0,0,0
45091,0,0,0,0,0,0,0,0,0,0,0,0,0,0,0,0,0,0,0,0
46003,0,0,0,0,0,0,0,0,0,0,0,0,0,0,0,0,0,0,0,0
46005,0,0,0,0,0,0,0,0,0,0,0,0,0,0,0,0,0,0,0,0
46007,0,0,0,0,0,0,0,0,0,0,0,0,0,0,0,0,0,0,0,0
46009,0,0,0,0,0,0,0,0,0,0,0,0,0,0,0,0,0,0,0,0
46011,0,0,0,0,0,0,0,0,0,0,0,0,0,0,0,0,0,0,0,0
46013,0,0,0,0,0,0,0,0,0,0,0,0,0,0,0,0,0,0,0,0
46015,0,0,0,0,0,0,0,0,0,0,0,0,0,0,0,0,0,0,0,0
46017,0,0,0,0,0,0,0,0,0,0,0,0,0,0,0,0,0,0,0,0
46019,0,0,0,0,0,0,0,0,0,0,0,0,0,0,0,0,0,0,0,0
46021,0,0,0,0,0,0,0,0,0,0,0,0,0,0,0,0,0,0,0,0
46023,0,0,0,0,0,0,0,0,0,0,0,0,0,0,0,0,0,0,0,0
46025,0,0,0,0,0,0,0,0,0,0,0,0,0,0,0,0,0,0,0,0
46027,0,0,0,0,0,0,0,0,0,0,0,0,0,0,0,0,0,0,0,0
46029,0,0,0,0,0,0,0,0,0,0,0,0,0,0,0,0,0,0,0,0
46031,0,0,0,0,0,0,0,0,0,0,0,0,0,0,0,0,0,0,0,0
46033,0,0,0,0,0,0,0,0,0,0,0,0,0,0,0,0,0,0,0,0
46035,0,0,0,0,0,0,0,0,0,0,0,0,0,0,0,0,0,0,0,0
46037,0,0,0,0,0,0,0,0,0,0,0,0,0,0,0,0,0,0,0,0
46039,0,0,0,0,0,0,0,0,0,0,0,0,0,0,0,0,0,0,0,0
46041,0,0,0,0,0,0,0,0,0,0,0,0,0,0,0,0,0,0,0,0
46043,0,0,0,0,0,0,0,0,0,0,0,0,0,0,0,0,0,0,0,0
46045,0,0,0,0,0,0,0,0,0,0,0,0,0,0,0,0,0,0,0,0
46047,0,0,0,0,0,0,0,0,0,0,0,0,0,0,0,0,0,0,0,0
46049,0,0,0,0,0,0,0,0,0,0,0,0,0,0,0,0,0,0,0,0
46051,0,0,0,0,0,0,0,0,0,0,0,0,0,0,0,0,0,0,0,0
46053,0,0,0,0,0,0,0,0,0,0,0,0,0,0,0,0,0,0,0,0
46055,0,0,0,0,0,0,0,0,0,0,0,0,0,0,0,0,0,0,0,0
46057,0,0,0,0,0,0,0,0,0,0,0,0,0,0,0,0,0,0,0,0
46059,0,0,0,0,0,0,0,0,0,0,0,0,0,0,0,0,0,0,0,0
46061,0,0,0,0,0,0,0,0,0,0,0,0,0,0,0,0,0,0,0,0
46063,0,0,0,0,0,0,0,0,0,0,0,0,0,0,0,0,0,0,0,0
46065,0,0,0,0,0,0,0,0,0,0,0,0,0,0,0,0,0,0,0,0
46067,0,0,0,0,0,0,0,0,0,0,0,0,0,0,0,0,0,0,0,0
46069,0,0,0,0,0,0,0,0,0,0,0,0,0,0,0,0,0,0,0,0
46071,0,0,0,0,0,0,0,0,0,0,0,0,0,0,0,0,0,0,0,0
46073,0,0,0,0,0,0,0,0,0,0,0,0,0,0,0,0,0,0,0,0
46075,0,0,0,0,0,0,0,0,0,0,0,0,0,0,0,0,0,0,0,0
46077,0,0,0,0,0,0,0,0,0,0,0,0,0,0,0,0,0,0,0,0
46079,0,0,0,0,0,0,0,0,0,0,0,0,0,0,0,0,0,0,0,0
46081,0,0,0,0,0,0,0,0,0,0,0,0,0,0,0,0,0,0,0,0
46083,0,0,0,0,0,0,0,0,0,0,0,0,0,0,0,0,0,0,0,0
46085,0,0,0,0,0,0,0,0,0,0,0,0,0,0,0,0,0,0,0,0
46087,0,0,0,0,0,0,0,0,0,0,0,0,0,0,0,0,0,0,0,0
46089,0,0,0,0,0,0,0,0,0,0,0,0,0,0,0,0,0,0,0,0
46091,0,0,0,0,0,0,0,0,0,0,0,0,0,0,0,0,0,0,0,0
46093,0,0,0,0,0,0,0,0,0,0,0,0,0,0,0,0,0,0,0,0
46095,0,0,0,0,0,0,0,0,0,0,0,0,0,0,0,0,0,0,0,0
46097,0,0,0,0,0,0,0,0,0,0,0,0,0,0,0,0,0,0,0,0
46099,0,0,0,0,0,0,0,0,0,0,0,0,0,0,0,0,0,0,0,0
46101,0,0,0,0,0,0,0,0,0,0,0,0,0,0,0,0,0,0,0,0
46102,0,0,0,0,0,0,0,0,0,0,0,0,0,0,0,0,0,0,0,0
46103,0,0,0,0,0,0,0,0,0,0,0,0,0,0,0,0,0,0,0,0
46105,0,0,0,0,0,0,0,0,0,0,0,0,0,0,0,0,0,0,0,0
46107,0,0,0,0,0,0,0,0,0,0,0,0,0,0,0,0,0,0,0,0
46109,0,0,0,0,0,0,0,0,0,0,0,0,0,0,0,0,0,0,0,0
46111,0,0,0,0,0,0,0,0,0,0,0,0,0,0,0,0,0,0,0,0
46115,0,0,0,0,0,0,0,0,0,0,0,0,0,0,0,0,0,0,0,0
46117,0,0,0,0,0,0,0,0,0,0,0,0,0,0,0,0,0,0,0,0
46119,0,0,0,0,0,0,0,0,0,0,0,0,0,0,0,0,0,0,0,0
46121,0,0,0,0,0,0,0,0,0,0,0,0,0,0,0,0,0,0,0,0
46123,0,0,0,0,0,0,0,0,0,0,0,0,0,0,0,0,0,0,0,0
46125,0,0,0,0,0,0,0,0,0,0,0,0,0,0,0,0,0,0,0,0
46127,0,0,0,0,0,0,0,0,0,0,0,0,0,0,0,0,0,0,0,0
46129,0,0,0,0,0,0,0,0,0,0,0,0,0,0,0,0,0,0,0,0
46135,0,0,0,0,0,0,0,0,0,0,0,0,0,0,0,0,0,0,0,0
46137,0,0,0,0,0,0,0,0,0,0,0,0,0,0,0,0,0,0,0,0
47001,0,0,0,0,0,0,0,0,0,0,0,0,0,0,0,0,0,0,0,0
47003,0,0,0,0,0,0,0,0,0,0,0,0,0,0,0,0,0,0,0,0
47005,0,0,0,0,0,0,0,0,0,0,0,0,0,0,0,0,0,0,0,0
47007,0,0,0,0,0,0,0,0,0,0,0,0,0,0,0,0,0,0,0,0
47009,0,0,0,0,0,0,0,0,0,0,0,0,0,0,0,0,0,0,0,0
47011,0,0,0,0,0,0,0,0,0,0,0,0,0,0,0,0,0,0,0,0
47013,0,0,0,0,0,0,0,0,0,0,0,0,0,0,0,0,0,0,0,0
47015,0,0,0,0,0,0,0,0,0,0,0,0,0,0,0,0,0,0,0,0
47017,0,0,0,0,0,0,0,0,0,0,0,0,0,0,0,0,0,0,0,0
47019,0,0,0,0,0,0,0,0,0,0,0,0,0,0,0,0,0,0,0,0
47021,0,0,0,0,0,0,0,0,0,0,0,0,0,0,0,0,0,0,0,0
47023,0,0,0,0,0,0,0,0,0,0,0,0,0,0,0,0,0,0,0,0
47025,0,0,0,0,0,0,0,0,0,0,0,0,0,0,0,0,0,0,0,0
47027,0,0,0,0,0,0,0,0,0,0,0,0,0,0,0,0,0,0,0,0
47029,0,0,0,0,0,0,0,0,0,0,0,0,0,0,0,0,0,0,0,0
47031,0,0,0,0,0,0,0,0,0,0,0,0,0,0,0,0,0,0,0,0
47033,0,0,0,0,0,0,0,0,0,0,0,0,0,0,0,0,0,0,0,0
47035,0,0,0,0,0,0,0,0,0,0,0,0,0,0,0,0,0,0,0,0
47037,0,0,0,0,0,0,0,0,0,0,0,0,0,0,0,0,0,0,0,0
47039,0,0,0,0,0,0,0,0,0,0,0,0,0,0,0,0,0,0,0,0
47041,0,0,0,0,0,0,0,0,0,0,0,0,0,0,0,0,0,0,0,0
47043,0,0,0,0,0,0,0,0,0,0,0,0,0,0,0,0,0,0,0,0
47045,0,0,0,0,0,0,0,0,0,0,0,0,9.1696438028504e-08,0,0,0,0,0,0,0
47047,0,0,0,0,0,0,0,0,0,0,0,0,0,0,0,0,0,0,0,0
47049,0,0,0,0,0,0,0,0,0,0,0,0,0,0,0,0,0,0,0,0
47051,0,0,0,0,0,0,0,0,0,0,0,0,0,0,0,0,0,0,0,0
47053,0,0,0,0,0,0,0,0,0,0,0,0,0,0,0,0,0,0,0,0
47055,0,0,0,0,0,0,0,0,0,0,0,0,0,0,0,0,0,0,0,0
47057,0,0,0,0,0,0,0,0,0,0,0,0,0,0,0,0,0,0,0,0
47059,0,0,0,0,0,0,0,0,0,0,0,0,0,0,0,0,0,0,0,0
47061,0,0,0,0,0,0,0,0,0,0,0,0,0,0,0,0,0,0,0,0
47063,0,0,0,0,0,0,0,0,0,0,0,0,0,0,0,0,0,0,0,0
47065,0,0,0,0,0,0,0,0,0,0,0,0,0,0,0,0,0,0,0,0
47067,0,0,0,0,0,0,0,0,0,0,0,0,0,0,0,0,0,0,0,0
47069,0,0,0,0,0,0,0,0,0,0,0,0,0,0,0,0,0,0,0,0
47071,0,0,0,0,0,0,0,0,0,0,0,0,0,0,0,0,0,0,0,0
47073,0,0,0,0,0,0,0,0,0,0,0,0,0,0,0,0,0,0,0,0
47075,0,0,0,0,0,0,0,0,0,0,0,0,0,0,0,0,0,0,0,0
47077,0,0,0,0,0,0,0,0,0,0,0,0,0,0,0,0,0,0,0,0
47079,0,0,0,0,0,0,0,0,0,0,0,0,0,0,0,0,0,0,0,0
47081,0,0,0,0,0,0,0,0,0,0,0,0,0,0,0,0,0,0,0,0
47083,0,0,0,0,0,0,0,0,0,0,0,0,0,0,0,0,0,0,0,0
47085,0,0,0,0,0,0,0,0,0,0,0,0,0,0,0,0,0,0,0,0
47087,0,0,0,0,0,0,0,0,0,0,0,0,0,0,0,0,0,0,0,0
47089,0,0,0,0,0,0,0,0,0,0,0,0,0,0,0,0,0,0,0,0
47091,0,0,0,0,0,0,0,0,0,0,0,0,0,0,0,0,0,0,0,0
47093,0,0,0,0,0,0,0,0,0,0,0,0,0,0,0,0,0,0,0,0
47095,0,0,0,0,0,0,0,0,0,0,0,0,5.89161235359267e-07,0,0,0,0,0,0,0
47097,0,0,0,0,0,0,0,0,0,0,0,0,6.37161878784294e-06,0,0,0,0,0,0,0
47099,0,0,0,0,0,0,0,0,0,0,0,0,0,0,0,0,0,0,0,0
47101,0,0,0,0,0,0,0,0,0,0,0,0,0,0,0,0,0,0,0,0
47103,0,0,0,0,0,0,0,0,0,0,0,0,0,0,0,0,0,0,0,0
47105,0,0,0,0,0,0,0,0,0,0,0,0,0,0,0,0,0,0,0,0
47107,0,0,0,0,0,0,0,0,0,0,0,0,0,0,0,0,0,0,0,0
47109,0,0,0,0,0,0,0,0,0,0,0,0,0,0,0,0,0,0,0,0
47111,0,0,0,0,0,0,0,0,0,0,0,0,0,0,0,0,0,0,0,0
47113,0,0,0,0,0,0,0,0,0,0,0,0,0,0,0,0,0,0,0,0
47115,0,0,0,0,0,0,0,0,0,0,0,0,0,0,0,0,0,0,0,0
47117,0,0,0,0,0,0,0,0,0,0,0,0,0,0,0,0,0,0,0,0
47119,0,0,0,0,0,0,0,0,0,0,0,0,0,0,0,0,0,0,0,0
47121,0,0,0,0,0,0,0,0,0,0,0,0,0,0,0,0,0,0,0,0
47123,0,0,0,0,0,0,0,0,0,0,0,0,0,0,0,0,0,0,0,0
47125,0,0,0,0,0,0,0,0,0,0,0,0,0,0,0,0,0,0,0,0
47127,0,0,0,0,0,0,0,0,0,0,0,0,0,0,0,0,0,0,0,0
47129,0,0,0,0,0,0,0,0,0,0,0,0,0,0,0,0,0,0,0,0
47131,0,0,0,0,0,0,0,0,0,0,0,0,0,0,0,0,0,0,0,0
47133,0,0,0,0,0,0,0,0,0,0,0,0,0,0,0,0,0,0,0,0
47135,0,0,0,0,0,0,0,0,0,0,0,0,0,0,0,0,0,0,0,0
47137,0,0,0,0,0,0,0,0,0,0,0,0,0,0,0,0,0,0,0,0
47139,0,0,0,0,0,0,0,0,0,0,0,0,0,0,0,0,0,0,0,0
47141,0,0,0,0,0,0,0,0,0,0,0,0,0,0,0,0,0,0,0,0
47143,0,0,0,0,0,0,0,0,0,0,0,0,0,0,0,0,0,0,0,0
47145,0,0,0,0,0,0,0,0,0,0,0,0,0,0,0,0,0,0,0,0
47147,0,0,0,0,0,0,0,0,0,0,0,0,0,0,0,0,0,0,0,0
47149,0,0,0,0,0,0,0,0,0,0,0,0,0,0,0,0,0,0,0,0
47151,0,0,0,0,0,0,0,0,0,0,0,0,0,0,0,0,0,0,0,0
47153,0,0,0,0,0,0,0,0,0,0,0,0,0,0,0,0,0,0,0,0
47155,0,0,0,0,0,0,0,0,0,0,0,0,0,0,0,0,0,0,0,0
47157,0,0,0,0,0,0,0,0,0,0,0,0,5.10348469129002e-06,0,0,0,0,0,0,0
47159,0,0,0,0,0,0,0,0,0,0,0,0,0,0,0,0,0,0,0,0
47161,0,0,0,0,0,0,0,0,0,0,0,0,0,0,0,0,0,0,0,0
47163,0,0,0,0,0,0,0,0,0,0,0,0,0,0,0,0,0,0,0,0
47165,0,0,0,0,0,0,0,0,0,0,0,0,0,0,0,0,0,0,0,0
47167,0,0,0,0,0,0,0,0,0,0,0,0,1.04834066015615e-07,0,0,0,0,0,0,0
47169,0,0,0,0,0,0,0,0,0,0,0,0,0,0,0,0,0,0,0,0
47171,0,0,0,0,0,0,0,0,0,0,0,0,0,0,0,0,0,0,0,0
47173,0,0,0,0,0,0,0,0,0,0,0,0,0,0,0,0,0,0,0,0
47175,0,0,0,0,0,0,0,0,0,0,0,0,0,0,0,0,0,0,0,0
47177,0,0,0,0,0,0,0,0,0,0,0,0,0,0,0,0,0,0,0,0
47179,0,0,0,0,0,0,0,0,0,0,0,0,0,0,0,0,0,0,0,0
47181,0,0,0,0,0,0,0,0,0,0,0,0,0,0,0,0,0,0,0,0
47183,0,0,0,0,0,0,0,0,0,0,0,0,0,0,0,0,0,0,0,0
47185,0,0,0,0,0,0,0,0,0,0,0,0,0,0,0,0,0,0,0,0
47187,0,0,0,0,0,0,0,0,0,0,0,0,0,0,0,0,0,0,0,0
47189,0,0,0,0,0,0,0,0,0,0,0,0,0,0,0,0,0,0,0,0
48001,0,0,0,0,0,0,0,0,0,0,0,0,0,0,0,0,0,0,0,0
48003,0,0,0,0,0,0,0,0,0,0,0,0,0,0,0,0,0,0,0,0
48005,0,0,0,0,0,0,0,0,0,0,0,0,0,0,0,0,0,0,0,0
48007,0,0,0,0,0,0,0,0,0,0,0,0,0,0,0,0,0,0,0,0
48009,0,0,0,0,0,0,0,0,0,0,0,0,0,0,0,0,0,0,0,0
48011,0,0,0,0,0,0,0,0,0,0,0,0,0,0,0,0,0,0,0,0
48013,0,0,0,0,0,0,0,0,0,0,0,0,0,0,0,0,0,0,0,0
48015,0,0,0,0,0,0,0,0,0,0,0,0,0,0,0,0,0,0,0,0
48017,0,0,0,0,0,0,0,0,0,0,0,0,0,0,0,0,0,0,0,0
48019,0,0,0,0,0,0,0,0,0,0,0,0,0,0,0,0,0,0,0,0
48021,0,0,0,0,0,0,0,0,0,0,0,0,0,0,0,0,0,0,0,0
48023,0,0,0,0,0,0,0,0,0,0,0,0,0,0,0,0,0,0,0,0
48025,0,0,0,0,0,0,0,0,0,0,0,0,0,0,0,0,0,0,0,0
48027,0,0,0,0,0,0,0,0,0,0,0,0,0,0,0,0,0,0,0,0
48029,0,0,0,0,0,0,0,0,0,0,0,0,0,0,0,0,0,0,0,0
48031,0,0,0,0,0,0,0,0,0,0,0,0,0,0,0,0,0,0,0,0
48033,0,0,0,0,0,0,0,0,0,0,0,0,0,0,0,0,0,0,0,0
48035,0,0,0,0,0,0,0,0,0,0,0,0,0,0,0,0,0,0,0,0
48037,0,0,0,0,0,0,0,0,0,0,0,0,0,0,0,0,0,0,0,0
48039,0,0,0,0,0,0,0,0,0,0,0,0,0,0,0,0,0,0,0,0
48041,0,0,0,0,0,0,0,0,0,0,0,0,0,0,0,0,0,0,0,0
48043,0,0,0,0,0,0,0,0,0,0,0,0,0,0,0,0,0,0,0,0
48045,0,0,0,0,0,0,0,0,0,0,0,0,0,0,0,0,0,0,0,0
48047,0,0,0,0,0,0,0,0,0,0,0,0,0,0,0,0,0,0,0,0
48049,0,0,0,0,0,0,0,0,0,0,0,0,0,0,0,0,0,0,0,0
48051,0,0,0,0,0,0,0,0,0,0,0,0,0,0,0,0,0,0,0,0
48053,0,0,0,0,0,0,0,0,0,0,0,0,0,0,0,0,0,0,0,0
48055,0,0,0,0,0,0,0,0,0,0,0,0,0,0,0,0,0,0,0,0
48057,0,0,0,0,0,0,0,0,0,0,0,0,0,0,0,0,0,0,0,0
48059,0,0,0,0,0,0,0,0,0,0,0,0,0,0,0,0,0,0,0,0
48061,0,0,0,0,0,0,0,0,0,0,0,0,0,0,0,0,0,0,0,0
48063,0,0,0,0,0,0,0,0,0,0,0,0,0,0,0,0,0,0,0,0
48065,0,0,0,0,0,0,0,0,0,0,0,0,0,0,0,0,0,0,0,0
48067,0,0,0,0,0,0,0,0,0,0,0,0,0,0,0,0,0,0,0,0
48069,0,0,0,0,0,0,0,0,0,0,0,0,0,0,0,0,0,0,0,0
48071,0,0,0,0,0,0,0,0,0,0,0,0,0,0,0,0,0,0,0,0
48073,0,0,0,0,0,0,0,0,0,0,0,0,0,0,0,0,0,0,0,0
48075,0,0,0,0,0,0,0,0,0,0,0,0,0,0,0,0,0,0,0,0
48077,0,0,0,0,0,0,0,0,0,0,0,0,0,0,0,0,0,0,0,0
48079,0,0,0,0,0,0,0,0,0,0,0,0,0,0,0,0,0,0,0,0
48081,0,0,0,0,0,0,0,0,0,0,0,0,0,0,0,0,0,0,0,0
48083,0,0,0,0,0,0,0,0,0,0,0,0,0,0,0,0,0,0,0,0
48085,0,0,0,0,0,0,0,0,0,0,0,0,0,0,0,0,0,0,0,0
48087,0,0,0,0,0,0,0,0,0,0,0,0,0,0,0,0,0,0,0,0
48089,0,0,0,0,0,0,0,0,0,0,0,0,0,0,0,0,0,0,0,0
48091,0,0,0,0,0,0,0,0,0,0,0,0,0,0,0,0,0,0,0,0
48093,0,0,0,0,0,0,0,0,0,0,0,0,0,0,0,0,0,0,0,0
48095,0,0,0,0,0,0,0,0,0,0,0,0,0,0,0,0,0,0,0,0
48097,0,0,0,0,0,0,0,0,0,0,0,0,0,0,0,0,0,0,0,0
48099,0,0,0,0,0,0,0,0,0,0,0,0,0,0,0,0,0,0,0,0
48101,0,0,0,0,0,0,0,0,0,0,0,0,0,0,0,0,0,0,0,0
48103,0,0,0,0,0,0,0,0,0,0,0,0,0,0,0,0,0,0,0,0
48105,0,0,0,0,0,0,0,0,0,0,0,0,0,0,0,0,0,0,0,0
48107,0,0,0,0,0,0,0,0,0,0,0,0,0,0,0,0,0,0,0,0
48109,0,0,0,0,0,0,0,0,0,0,0,0,0,0,0,0,0,0,0,0
48111,0,0,0,0,0,0,0,0,0,0,0,0,0,0,0,0,0,0,0,0
48113,0,0,0,0,0,0,0,0,0,0,0,0,0,0,0,0,0,0,0,0
48115,0,0,0,0,0,0,0,0,0,0,0,0,0,0,0,0,0,0,0,0
48117,0,0,0,0,0,0,0,0,0,0,0,0,0,0,0,0,0,0,0,0
48119,0,0,0,0,0,0,0,0,0,0,0,0,0,0,0,0,0,0,0,0
48121,0,0,0,0,0,0,0,0,0,0,0,0,0,0,0,0,0,0,0,0
48123,0,0,0,0,0,0,0,0,0,0,0,0,0,0,0,0,0,0,0,0
48125,0,0,0,0,0,0,0,0,0,0,0,0,0,0,0,0,0,0,0,0
48127,0,0,0,0,0,0,0,0,0,0,0,0,0,0,0,0,0,0,0,0
48129,0,0,0,0,0,0,0,0,0,0,0,0,0,0,0,0,0,0,0,0
48131,0,0,0,0,0,0,0,0,0,0,0,0,0,0,0,0,0,0,0,0
48133,0,0,0,0,0,0,0,0,0,0,0,0,0,0,0,0,0,0,0,0
48135,0,0,0,0,0,0,0,0,0,0,0,0,0,0,0,0,0,0,0,0
48137,0,0,0,0,0,0,0,0,0,0,0,0,0,0,0,0,0,0,0,0
48139,0,0,0,0,0,0,0,0,0,0,0,0,0,0,0,0,0,0,0,0
48141,0,0,0,0,0,0,0,0,0,0,0,0,0,0,0,0,0,0,0,0
48143,0,0,0,0,0,0,0,0,0,0,0,0,0,0,0,0,0,0,0,0
48145,0,0,0,0,0,0,0,0,0,0,0,0,0,0,0,0,0,0,0,0
48147,0,0,0,0,0,0,0,0,0,0,0,0,0,0,0,0,0,0,0,0
48149,0,0,0,0,0,0,0,0,0,0,0,0,0,0,0,0,0,0,0,0
48151,0,0,0,0,0,0,0,0,0,0,0,0,0,0,0,0,0,0,0,0
48153,0,0,0,0,0,0,0,0,0,0,0,0,0,0,0,0,0,0,0,0
48155,0,0,0,0,0,0,0,0,0,0,0,0,0,0,0,0,0,0,0,0
48157,0,0,0,0,0,0,0,0,0,0,0,0,0,0,0,0,0,0,0,0
48159,0,0,0,0,0,0,0,0,0,0,0,0,0,0,0,0,0,0,0,0
48161,0,0,0,0,0,0,0,0,0,0,0,0,0,0,0,0,0,0,0,0
48163,0,0,0,0,0,0,0,0,0,0,0,0,0,0,0,0,0,0,0,0
48165,0,0,0,0,0,0,0,0,0,0,0,0,0,0,0,0,0,0,0,0
48167,0,0,0,0,0,0,0,0,0,0,0,0,0,0,0,0,0,0,0,0
48169,0,0,0,0,0,0,0,0,0,0,0,0,0,0,0,0,0,0,0,0
48171,0,0,0,0,0,0,0,0,0,0,0,0,0,0,0,0,0,0,0,0
48173,0,0,0,0,0,0,0,0,0,0,0,0,0,0,0,0,0,0,0,0
48175,0,0,0,0,0,0,0,0,0,0,0,0,0,0,0,0,0,0,0,0
48177,0,0,0,0,0,0,0,0,0,0,0,0,0,0,0,0,0,0,0,0
48179,0,0,0,0,0,0,0,0,0,0,0,0,0,0,0,0,0,0,0,0
48181,0,0,0,0,0,0,0,0,0,0,0,0,0,0,0,0,0,0,0,0
48183,0,0,0,0,0,0,0,0,0,0,0,0,0,0,0,0,0,0,0,0
48185,0,0,0,0,0,0,0,0,0,0,0,0,0,0,0,0,0,0,0,0
48187,0,0,0,0,0,0,0,0,0,0,0,0,0,0,0,0,0,0,0,0
48189,0,0,0,0,0,0,0,0,0,0,0,0,0,0,0,0,0,0,0,0
48191,0,0,0,0,0,0,0,0,0,0,0,0,0,0,0,0,0,0,0,0
48193,0,0,0,0,0,0,0,0,0,0,0,0,0,0,0,0,0,0,0,0
48195,0,0,0,0,0,0,0,0,0,0,0,0,0,0,0,0,0,0,0,0
48197,0,0,0,0,0,0,0,0,0,0,0,0,0,0,0,0,0,0,0,0
48199,0,0,0,0,0,0,0,0,0,0,0,0,0,0,0,0,0,0,0,0
48201,0,0,0,0,0,0,0,0,0,0,0,0,0,0,0,0,0,0,0,0
48203,0,0,0,0,0,0,0,0,0,0,0,0,0,0,0,0,0,0,0,0
48205,0,0,0,0,0,0,0,0,0,0,0,0,0,0,0,0,0,0,0,0
48207,0,0,0,0,0,0,0,0,0,0,0,0,0,0,0,0,0,0,0,0
48209,0,0,0,0,0,0,0,0,0,0,0,0,0,0,0,0,0,0,0,0
48211,0,0,0,0,0,0,0,0,0,0,0,0,0,0,0,0,0,0,0,0
48213,0,0,0,0,0,0,0,0,0,0,0,0,0,0,0,0,0,0,0,0
48215,0,0,0,0,0,0,0,0,0,0,0,0,0,0,0,0,0,0,0,0
48217,0,0,0,0,0,0,0,0,0,0,0,0,0,0,0,0,0,0,0,0
48219,0,0,0,0,0,0,0,0,0,0,0,0,0,0,0,0,0,0,0,0
48221,0,0,0,0,0,0,0,0,0,0,0,0,0,0,0,0,0,0,0,0
48223,0,0,0,0,0,0,0,0,0,0,0,0,0,0,0,0,0,0,0,0
48225,0,0,0,0,0,0,0,0,0,0,0,0,0,0,0,0,0,0,0,0
48227,0,0,0,0,0,0,0,0,0,0,0,0,0,0,0,0,0,0,0,0
48229,0,0,0,0,0,0,0,0,0,0,0,0,0,0,0,0,0,0,0,0
48231,0,0,0,0,0,0,0,0,0,0,0,0,0,0,0,0,0,0,0,0
48233,0,0,0,0,0,0,0,0,0,0,0,0,0,0,0,0,0,0,0,0
48235,0,0,0,0,0,0,0,0,0,0,0,0,0,0,0,0,0,0,0,0
48237,0,0,0,0,0,0,0,0,0,0,0,0,0,0,0,0,0,0,0,0
48239,0,0,0,0,0,0,0,0,0,0,0,0,0,0,0,0,0,0,0,0
48241,0,0,0,0,0,0,0,0,0,0,0,0,0,0,0,0,0,0,0,0
48243,0,0,0,0,0,0,0,0,0,0,0,0,0,0,0,0,0,0,0,0
48245,0,0,0,0,0,0,0,0,0,0,0,0,0,0,0,0,0,0,0,0
48247,0,0,0,0,0,0,0,0,0,0,0,0,0,0,0,0,0,0,0,0
48249,0,0,0,0,0,0,0,0,0,0,0,0,0,0,0,0,0,0,0,0
48251,0,0,0,0,0,0,0,0,0,0,0,0,0,0,0,0,0,0,0,0
48253,0,0,0,0,0,0,0,0,0,0,0,0,0,0,0,0,0,0,0,0
48255,0,0,0,0,0,0,0,0,0,0,0,0,0,0,0,0,0,0,0,0
48257,0,0,0,0,0,0,0,0,0,0,0,0,0,0,0,0,0,0,0,0
48259,0,0,0,0,0,0,0,0,0,0,0,0,0,0,0,0,0,0,0,0
48261,0,0,0,0,0,0,0,0,0,0,0,0,0,0,0,0,0,0,0,0
48263,0,0,0,0,0,0,0,0,0,0,0,0,0,0,0,0,0,0,0,0
48265,0,0,0,0,0,0,0,0,0,0,0,0,0,0,0,0,0,0,0,0
48267,0,0,0,0,0,0,0,0,0,0,0,0,0,0,0,0,0,0,0,0
48269,0,0,0,0,0,0,0,0,0,0,0,0,0,0,0,0,0,0,0,0
48271,0,0,0,0,0,0,0,0,0,0,0,0,0,0,0,0,0,0,0,0
48273,0,0,0,0,0,0,0,0,0,0,0,0,0,0,0,0,0,0,0,0
48275,0,0,0,0,0,0,0,0,0,0,0,0,0,0,0,0,0,0,0,0
48277,0,0,0,0,0,0,0,0,0,0,0,0,0,0,0,0,0,0,0,0
48279,0,0,0,0,0,0,0,0,0,0,0,0,0,0,0,0,0,0,0,0
48281,0,0,0,0,0,0,0,0,0,0,0,0,0,0,0,0,0,0,0,0
48283,0,0,0,0,0,0,0,0,0,0,0,0,0,0,0,0,0,0,0,0
48285,0,0,0,0,0,0,0,0,0,0,0,0,0,0,0,0,0,0,0,0
48287,0,0,0,0,0,0,0,0,0,0,0,0,0,0,0,0,0,0,0,0
48289,0,0,0,0,0,0,0,0,0,0,0,0,0,0,0,0,0,0,0,0
48291,0,0,0,0,0,0,0,0,0,0,0,0,0,0,0,0,0,0,0,0
48293,0,0,0,0,0,0,0,0,0,0,0,0,0,0,0,0,0,0,0,0
48295,0,0,0,0,0,0,0,0,0,0,0,0,0,0,0,0,0,0,0,0
48297,0,0,0,0,0,0,0,0,0,0,0,0,0,0,0,0,0,0,0,0
48299,0,0,0,0,0,0,0,0,0,0,0,0,0,0,0,0,0,0,0,0
48301,0,0,0,0,0,0,0,0,0,0,0,0,0,0,0,0,0,0,0,0
48303,0,0,0,0,0,0,0,0,0,0,0,0,0,0,0,0,0,0,0,0
48305,0,0,0,0,0,0,0,0,0,0,0,0,0,0,0,0,0,0,0,0
48307,0,0,0,0,0,0,0,0,0,0,0,0,0,0,0,0,0,0,0,0
48309,0,0,0,0,0,0,0,0,0,0,0,0,0,0,0,0,0,0,0,0
48311,0,0,0,0,0,0,0,0,0,0,0,0,0,0,0,0,0,0,0,0
48313,0,0,0,0,0,0,0,0,0,0,0,0,0,0,0,0,0,0,0,0
48315,0,0,0,0,0,0,0,0,0,0,0,0,0,0,0,0,0,0,0,0
48317,0,0,0,0,0,0,0,0,0,0,0,0,0,0,0,0,0,0,0,0
48319,0,0,0,0,0,0,0,0,0,0,0,0,0,0,0,0,0,0,0,0
48321,0,0,0,0,0,0,0,0,0,0,0,0,0,0,0,0,0,0,0,0
48323,0,0,0,0,0,0,0,0,0,0,0,0,0,0,0,0,0,0,0,0
48325,0,0,0,0,0,0,0,0,0,0,0,0,0,0,0,0,0,0,0,0
48327,0,0,0,0,0,0,0,0,0,0,0,0,0,0,0,0,0,0,0,0
48329,0,0,0,0,0,0,0,0,0,0,0,0,0,0,0,0,0,0,0,0
48331,0,0,0,0,0,0,0,0,0,0,0,0,0,0,0,0,0,0,0,0
48333,0,0,0,0,0,0,0,0,0,0,0,0,0,0,0,0,0,0,0,0
48335,0,0,0,0,0,0,0,0,0,0,0,0,0,0,0,0,0,0,0,0
48337,0,0,0,0,0,0,0,0,0,0,0,0,0,0,0,0,0,0,0,0
48339,0,0,0,0,0,0,0,0,0,0,0,0,0,0,0,0,0,0,0,0
48341,0,0,0,0,0,0,0,0,0,0,0,0,0,0,0,0,0,0,0,0
48343,0,0,0,0,0,0,0,0,0,0,0,0,0,0,0,0,0,0,0,0
48345,0,0,0,0,0,0,0,0,0,0,0,0,0,0,0,0,0,0,0,0
48347,0,0,0,0,0,0,0,0,0,0,0,0,0,0,0,0,0,0,0,0
48349,0,0,0,0,0,0,0,0,0,0,0,0,0,0,0,0,0,0,0,0
48351,0,0,0,0,0,0,0,0,0,0,0,0,0,0,0,0,0,0,0,0
48353,0,0,0,0,0,0,0,0,0,0,0,0,0,0,0,0,0,0,0,0
48355,0,0,0,0,0,0,0,0,0,0,0,0,0,0,0,0,0,0,0,0
48357,0,0,0,0,0,0,0,0,0,0,0,0,0,0,0,0,0,0,0,0
48359,0,0,0,0,0,0,0,0,0,0,0,0,0,0,0,0,0,0,0,0
48361,0,0,0,0,0,0,0,0,0,0,0,0,0,0,0,0,0,0,0,0
48363,0,0,0,0,0,0,0,0,0,0,0,0,0,0,0,0,0,0,0,0
48365,0,0,0,0,0,0,0,0,0,0,0,0,0,0,0,0,0,0,0,0
48367,0,0,0,0,0,0,0,0,0,0,0,0,0,0,0,0,0,0,0,0
48369,0,0,0,0,0,0,0,0,0,0,0,0,0,0,0,0,0,0,0,0
48371,0,0,0,0,0,0,0,0,0,0,0,0,0,0,0,0,0,0,0,0
48373,0,0,0,0,0,0,0,0,0,0,0,0,0,0,0,0,0,0,0,0
48375,0,0,0,0,0,0,0,0,0,0,0,0,0,0,0,0,0,0,0,0
48377,0,0,0,0,0,0,0,0,0,0,0,0,0,0,0,0,0,0,0,0
48379,0,0,0,0,0,0,0,0,0,0,0,0,0,0,0,0,0,0,0,0
48381,0,0,0,0,0,0,0,0,0,0,0,0,0,0,0,0,0,0,0,0
48383,0,0,0,0,0,0,0,0,0,0,0,0,0,0,0,0,0,0,0,0
48385,0,0,0,0,0,0,0,0,0,0,0,0,0,0,0,0,0,0,0,0
48387,0,0,0,0,0,0,0,0,0,0,0,0,0,0,0,0,0,0,0,0
48389,0,0,0,0,0,0,0,0,0,0,0,0,0,0,0,0,0,0,0,0
48391,0,0,0,0,0,0,0,0,0,0,0,0,0,0,0,0,0,0,0,0
48393,0,0,0,0,0,0,0,0,0,0,0,0,0,0,0,0,0,0,0,0
48395,0,0,0,0,0,0,0,0,0,0,0,0,0,0,0,0,0,0,0,0
48397,0,0,0,0,0,0,0,0,0,0,0,0,0,0,0,0,0,0,0,0
48399,0,0,0,0,0,0,0,0,0,0,0,0,0,0,0,0,0,0,0,0
48401,0,0,0,0,0,0,0,0,0,0,0,0,0,0,0,0,0,0,0,0
48403,0,0,0,0,0,0,0,0,0,0,0,0,0,0,0,0,0,0,0,0
48405,0,0,0,0,0,0,0,0,0,0,0,0,0,0,0,0,0,0,0,0
48407,0,0,0,0,0,0,0,0,0,0,0,0,0,0,0,0,0,0,0,0
48409,0,0,0,0,0,0,0,0,0,0,0,0,0,0,0,0,0,0,0,0
48411,0,0,0,0,0,0,0,0,0,0,0,0,0,0,0,0,0,0,0,0
48413,0,0,0,0,0,0,0,0,0,0,0,0,0,0,0,0,0,0,0,0
48415,0,0,0,0,0,0,0,0,0,0,0,0,0,0,0,0,0,0,0,0
48417,0,0,0,0,0,0,0,0,0,0,0,0,0,0,0,0,0,0,0,0
48419,0,0,0,0,0,0,0,0,0,0,0,0,0,0,0,0,0,0,0,0
48421,0,0,0,0,0,0,0,0,0,0,0,0,0,0,0,0,0,0,0,0
48423,0,0,0,0,0,0,0,0,0,0,0,0,0,0,0,0,0,0,0,0
48425,0,0,0,0,0,0,0,0,0,0,0,0,0,0,0,0,0,0,0,0
48427,0,0,0,0,0,0,0,0,0,0,0,0,0,0,0,0,0,0,0,0
48429,0,0,0,0,0,0,0,0,0,0,0,0,0,0,0,0,0,0,0,0
48431,0,0,0,0,0,0,0,0,0,0,0,0,0,0,0,0,0,0,0,0
48433,0,0,0,0,0,0,0,0,0,0,0,0,0,0,0,0,0,0,0,0
48435,0,0,0,0,0,0,0,0,0,0,0,0,0,0,0,0,0,0,0,0
48437,0,0,0,0,0,0,0,0,0,0,0,0,0,0,0,0,0,0,0,0
48439,0,0,0,0,0,0,0,0,0,0,0,0,0,0,0,0,0,0,0,0
48441,0,0,0,0,0,0,0,0,0,0,0,0,0,0,0,0,0,0,0,0
48443,0,0,0,0,0,0,0,0,0,0,0,0,0,0,0,0,0,0,0,0
48445,0,0,0,0,0,0,0,0,0,0,0,0,0,0,0,0,0,0,0,0
48447,0,0,0,0,0,0,0,0,0,0,0,0,0,0,0,0,0,0,0,0
48449,0,0,0,0,0,0,0,0,0,0,0,0,0,0,0,0,0,0,0,0
48451,0,0,0,0,0,0,0,0,0,0,0,0,0,0,0,0,0,0,0,0
48453,0,0,0,0,0,0,0,0,0,0,0,0,0,0,0,0,0,0,0,0
48455,0,0,0,0,0,0,0,0,0,0,0,0,0,0,0,0,0,0,0,0
48457,0,0,0,0,0,0,0,0,0,0,0,0,0,0,0,0,0,0,0,0
48459,0,0,0,0,0,0,0,0,0,0,0,0,0,0,0,0,0,0,0,0
48461,0,0,0,0,0,0,0,0,0,0,0,0,0,0,0,0,0,0,0,0
48463,0,0,0,0,0,0,0,0,0,0,0,0,0,0,0,0,0,0,0,0
48465,0,0,0,0,0,0,0,0,0,0,0,0,0,0,0,0,0,0,0,0
48467,0,0,0,0,0,0,0,0,0,0,0,0,0,0,0,0,0,0,0,0
48469,0,0,0,0,0,0,0,0,0,0,0,0,0,0,0,0,0,0,0,0
48471,0,0,0,0,0,0,0,0,0,0,0,0,0,0,0,0,0,0,0,0
48473,0,0,0,0,0,0,0,0,0,0,0,0,0,0,0,0,0,0,0,0
48475,0,0,0,0,0,0,0,0,0,0,0,0,0,0,0,0,0,0,0,0
48477,0,0,0,0,0,0,0,0,0,0,0,0,0,0,0,0,0,0,0,0
48479,0,0,0,0,0,0,0,0,0,0,0,0,0,0,0,0,0,0,0,0
48481,0,0,0,0,0,0,0,0,0,0,0,0,0,0,0,0,0,0,0,0
48483,0,0,0,0,0,0,0,0,0,0,0,0,0,0,0,0,0,0,0,0
48485,0,0,0,0,0,0,0,0,0,0,0,0,0,0,0,0,0,0,0,0
48487,0,0,0,0,0,0,0,0,0,0,0,0,0,0,0,0,0,0,0,0
48489,0,0,0,0,0,0,0,0,0,0,0,0,0,0,0,0,0,0,0,0
48491,0,0,0,0,0,0,0,0,0,0,0,0,0,0,0,0,0,0,0,0
48493,0,0,0,0,0,0,0,0,0,0,0,0,0,0,0,0,0,0,0,0
48495,0,0,0,0,0,0,0,0,0,0,0,0,0,0,0,0,0,0,0,0
48497,0,0,0,0,0,0,0,0,0,0,0,0,0,0,0,0,0,0,0,0
48499,0,0,0,0,0,0,0,0,0,0,0,0,0,0,0,0,0,0,0,0
48501,0,0,0,0,0,0,0,0,0,0,0,0,0,0,0,0,0,0,0,0
48503,0,0,0,0,0,0,0,0,0,0,0,0,0,0,0,0,0,0,0,0
48505,0,0,0,0,0,0,0,0,0,0,0,0,0,0,0,0,0,0,0,0
48507,0,0,0,0,0,0,0,0,0,0,0,0,0,0,0,0,0,0,0,0
49001,4.21512187517546e-05,0.00328398805365652,0,0,0,3.83225904016912e-05,0,0.0639858169926005,0,0,0,0,0,0,6.60957830810829e-06,0,0,0,0,0.00174813318653176
49003,4.17309484915221e-07,1.57886630221222e-10,0,0,0.000198237758410417,0.00147165177272815,0.0030151792739777,0.0259307145570779,0,0,0,0,0,0,0,0,0,0,0,0.0168455524934205
49005,0,0,0,0,0,0,0,0,0,0,0,0,0,0,0,0,0,0,0,0
49007,0,0,0,0,0,0,0,1.42907556825831e-05,0,0,0,0,0,0,0,0,0,0,0,0
49009,0,0,0,0,0,0,0,0.000121217771011269,0,0,0,0,0,0,0,0,0,0,0,0
49011,1.85777140345473e-05,0.000215948362858558,0,0,7.73093169252478e-06,7.29993086382685e-06,0.000112973044640928,0.00158836427078459,0,0,9.6894319643886e-06,0,0,0,8.80319973046185e-07,0,0,0,0,0.000262621224662623
49013,0,0,0,0,0,0,0,0,0,0,0,0,0,0,0,0,0,0,0,0
49015,0,0,0,0,0,0,0,4.46552214186014e-05,0,0,0,0,0,0,0,0,0,0,0,0
49017,0,0,0,0,0,0,0,1.33350899412385e-05,0,0,0,0,0,0,0,0,0,0,0,0
49019,0,0,0,0,0,0,0,5.5455013833376e-09,0,0,0,0,0,0,0,0,0,0,0,5.32460184099465e-12
49021,0.000245873849275449,0.00539589759807654,0,0,0,0.000627652354996102,3.90213384139332e-06,0.178062471624024,0,0,0,0,0,0,3.80324683928734e-05,0,0,0,0,0.00025736050450913
49023,0.000700671669635191,0.00291882901915013,0,0,0.000112962141385743,0.000307481415669994,9.6920285870332e-05,0.0318588398166511,0,0,0,0,0,0,0.00010291055482692,0,0,0,0,0.00718898159664527
49025,2.06540532125474e-08,0,0,0,0,5.80015498280234e-07,0,1.39387026272039e-05,0,0,0,0,0,0,0,0,0,0,0,0
49027,0.00812428734623579,0.0272982018623435,0,0,0.00227505374961742,0.0015764858077124,8.72915155800825e-06,0.17785915087959,0,0,0,0,0,0,0.000651900056948256,0,0,0,0,0.0111243445565169
49029,4.50883192250462e-07,1.37637352687308e-07,0,0,0,0,0,0,0,0,0,0,0,0,0,0,0,0,0,0
49031,0,0,0,0,0,0,0,0,0,0,0,0,0,0,0,0,0,0,0,0
49033,0,0,0,0,0,0,0,0,0,0,0,0,0,0,0,0,0,0,0,0
49035,1.14578865604759e-06,7.13488268845796e-07,0,0,1.51528916195056e-09,3.78569731815644e-08,2.66817843517786e-07,1.48577275090579e-05,0,0,0,0,0,0,0,0,0,0,0,8.14778085507737e-06
49037,0,2.55942261278054e-12,0,0,0,0,0,1.03379748721045e-08,0,0,0,0,0,0,0,0,0,0,0,0
49039,0,0,0,0,0,0,0,0.00928084747585303,0,0,0,0,0,0,0,0,0,0,0,0
49041,0,0,0,0,0,0,0,0,0,0,0,0,0,0,0,0,0,0,0,0
49043,1.48223635569521e-07,2.22551006692508e-08,0,0,0,0,0,0,0,0,0,0,0,0,0,0,0,0,0,0
49045,0.000210192007748061,0.000715265593815354,0,0,0.000448915670827178,0.000312783682505556,0.000123891270547932,0.0129574859388662,0,0,5.72677834480273e-06,0,0,0,9.52568740727428e-05,0,0,0,0,0.00061187384562545
49047,0,0,0,0,0,0,0,0,0,0,0,0,0,0,0,0,0,0,0,0
49049,0.00135537059291031,0.00246397634207681,0,0,0.00019810760718566,9.76422041663459e-05,0.0022211519318596,0.0285180918486169,0,0,0,0,0,4.43436129859473e-06,7.38906232892932e-06,0,0,0,0,0.00141144221195769
49051,0,0,0,0,0,0,0,0,0,0,0,0,0,0,0,0,0,0,0,0
49053,1.33470639349086e-05,0,0,0,0,0,0,0.0073294675760144,0,0,0,0,0,0,9.13701560505629e-06,0,0,0,0,4.78388137647172e-06
49055,0,0,0,0,0,0,0,0,0,0,0,0,0,0,0,0,0,0,0,0
49057,6.98556326625851e-06,0.000118291654078817,0,0,3.48629541853679e-06,3.76331475691555e-06,3.68612618674132e-05,0.00163955070115577,0,0,2.22098149945448e-07,0,0,0,2.34849395965832e-06,0,0,0,0,0.000142661973551275
50001,0,0,0,0,0,0,0,0,0,0,0,0,0,0,0,0,0,0,0,0
50003,0,0,0,0,0,0,0,0,0,0,0,0,0,0,0,0,0,0,0,0
50005,0,0,0,0,0,0,0,0,0,0,0,0,0,0,0,0,0,0,0,0
50007,0,0,0,0,0,0,0,0,0,0,0,0,0,0,0,0,0,0,0,0
50009,0,0,0,0,0,0,0,0,0,0,0,0,0,0,0,0,0,0,0,0
50011,0,0,0,0,0,0,0,0,0,0,0,0,0,0,0,0,0,0,0,0
50013,0,0,0,0,0,0,0,0,0,0,0,0,0,0,0,0,0,0,0,0
50015,0,0,0,0,0,0,0,0,0,0,0,0,0,0,0,0,0,0,0,0
50017,0,0,0,0,0,0,0,0,0,0,0,0,0,0,0,0,0,0,0,0
50019,0,0,0,0,0,0,0,0,0,0,0,0,0,0,0,0,0,0,0,0
50021,0,0,0,0,0,0,0,0,0,0,0,0,0,0,0,0,0,0,0,0
50023,0,0,0,0,0,0,0,0,0,0,0,0,0,0,0,0,0,0,0,0
50025,0,0,0,0,0,0,0,0,0,0,0,0,0,0,0,0,0,0,0,0
50027,0,0,0,0,0,0,0,0,0,0,0,0,0,0,0,0,0,0,0,0
51001,0,0,0,0,0,0,0,0,0,0,0,0,0,0,0,0,0,0,0,0
51003,0,0,0,0,0,0,0,0,0,0,0,0,0,0,0,0,0,0,0,0
51005,0,0,0,0,0,0,0,0,0,0,0,0,0,0,0,0,0,0,0,0
51007,0,1.87013796042066e-06,0,0,0,0,2.25944623917933e-08,7.73381832829854e-06,0,0,0,0,0,6.85704252534744e-10,4.95691441503386e-08,4.04662330859241e-06,0,0,0,0
51009,0,0,0,0,0,0,0,0,0,0,0,0,0,0,0,0,0,0,0,0
51011,0,0,0,0,0,0,0,0,0,0,0,0,0,0,0,0,0,0,0,0
51013,0,0,0,0,0,0,0,0,0,0,0,0,0,0,0,0,0,0,0,0
51015,0,0,0,0,0,0,0,0,0,0,0,0,0,0,0,0,0,0,0,0
51017,0,0,0,0,0,0,0,0,0,0,0,0,0,0,0,0,0,0,0,0
51019,0,0,0,0,0,0,0,0,0,0,0,0,0,0,0,0,0,0,0,0
51021,0,0,0,0,0,0,0,0,0,0,0,0,0,0,0,0,0,0,0,0
51023,0,0,0,0,0,0,0,0,0,0,0,0,0,0,0,0,0,0,0,0
51025,0,0,0,0,0,0,0,0,0,0,0,0,0,0,0,0,0,0,0,0
51027,0,0,0,0,0,0,0,0,0,0,0,0,0,0,0,0,0,0,0,0
51029,0,0,0,0,0,0,0,0,0,0,0,0,0,0,0,0,0,0,0,0
51031,0,0,0,0,0,0,0,0,0,0,0,0,0,0,0,0,0,0,0,0
51033,0,0,0,0,0,0,0,0,0,0,0,0,0,0,0,0,0,0,0,0
51035,0,0,0,0,0,0,0,0,0,0,0,0,0,0,0,0,0,0,0,0
51036,0,0,0,0,0,0,0,0,0,0,0,0,0,0,0,0,0,0,0,0
51037,0,0,0,0,0,0,0,0,0,0,0,0,0,0,0,0,0,0,0,0
51041,0,0,0,0,0,0,0,0,0,0,0,0,0,0,0,0,0,0,0,0
51043,0,0,0,0,0,0,0,0,0,0,0,0,0,0,0,0,0,0,0,0
51045,0,0,0,0,0,0,0,0,0,0,0,0,0,0,0,0,0,0,0,0
51047,0,0,0,0,0,0,0,0,0,0,0,0,0,0,0,0,0,0,0,0
51049,0,0,0,0,0,0,0,0,0,0,0,0,0,0,0,0,0,0,0,0
51051,0,0,0,0,0,0,0,0,0,0,0,0,0,0,0,0,0,0,0,0
51053,0,0,0,0,0,0,0,0,0,0,0,0,0,0,0,0,0,0,0,0
51057,0,0,0,0,0,0,0,0,0,0,0,0,0,0,0,0,0,0,0,0
51059,0,0,0,0,0,0,0,0,0,0,0,0,0,0,0,0,0,0,0,0
51061,0,0,0,0,0,0,0,0,0,0,0,0,0,0,0,0,0,0,0,0
51063,0,0,0,0,0,0,0,0,0,0,0,0,0,0,0,0,0,0,0,0
51065,0,0,0,0,0,0,0,0,0,0,0,0,0,0,0,0,0,0,0,0
51067,0,0,0,0,0,0,0,0,0,0,0,0,0,0,0,0,0,0,0,0
51069,0,0,0,0,0,0,0,0,0,0,0,0,0,0,0,0,0,0,0,0
51071,0,0,0,0,0,0,0,0,0,0,0,0,0,0,0,0,0,0,0,0
51073,0,0,0,0,0,0,0,0,0,0,0,0,0,0,0,0,0,0,0,0
51075,0,0,0,0,0,0,0,0,0,0,0,0,0,0,0,0,0,0,0,0
51077,0,0,0,0,0,0,0,0,0,0,0,0,0,0,0,0,0,0,0,0
51079,0,0,0,0,0,0,0,0,0,0,0,0,0,0,0,0,0,0,0,0
51081,0,0,0,0,0,0,0,0,0,0,0,0,0,0,0,0,0,0,0,0
51083,0,0,0,0,0,0,0,0,0,0,0,0,0,0,0,0,0,0,0,0
51085,0,0,0,0,0,0,0,0,0,0,0,0,0,0,0,0,0,0,0,0
51087,0,0,0,0,0,0,0,0,0,0,0,0,0,0,0,0,0,0,0,0
51089,0,0,0,0,0,0,0,0,0,0,0,0,0,0,0,0,0,0,0,0
51091,0,0,0,0,0,0,0,0,0,0,0,0,0,0,0,0,0,0,0,0
51093,0,0,0,0,0,0,0,0,0,0,0,0,0,0,0,0,0,0,0,0
51095,0,0,0,0,0,0,0,0,0,0,0,0,0,0,0,0,0,0,0,0
51097,0,0,0,0,0,0,0,0,0,0,0,0,0,0,0,0,0,0,0,0
51099,0,0,0,0,0,0,0,0,0,0,0,0,0,0,0,0,0,0,0,0
51101,0,0,0,0,0,0,0,0,0,0,0,0,0,0,0,0,0,0,0,0
51103,0,0,0,0,0,0,0,0,0,0,0,0,0,0,0,0,0,0,0,0
51105,0,0,0,0,0,0,0,0,0,0,0,0,0,0,0,0,0,0,0,0
51107,0,0,0,0,0,0,0,0,0,0,0,0,0,0,0,0,0,0,0,0
51109,0,0,0,0,0,0,0,0,0,0,0,0,0,0,0,0,0,0,0,0
51111,0,0,0,0,0,0,0,0,0,0,0,0,0,0,0,0,0,0,0,0
51113,0,0,0,0,0,0,0,0,0,0,0,0,0,0,0,0,0,0,0,0
51115,0,0,0,0,0,0,0,0,0,0,0,0,0,0,0,0,0,0,0,0
51117,0,0,0,0,0,0,0,0,0,0,0,0,0,0,0,0,0,0,0,0
51119,0,0,0,0,0,0,0,0,0,0,0,0,0,0,0,0,0,0,0,0
51121,0,0,0,0,0,0,0,0,0,0,0,0,0,0,0,0,0,0,0,0
51125,0,0,0,0,0,0,0,0,0,0,0,0,0,0,0,0,0,0,0,0
51127,0,0,0,0,0,0,0,0,0,0,0,0,0,0,0,0,0,0,0,0
51131,0,0,0,0,0,0,0,0,0,0,0,0,0,0,0,0,0,0,0,0
51133,0,0,0,0,0,0,0,0,0,0,0,0,0,0,0,0,0,0,0,0
51135,0,0,0,0,0,0,0,0,0,0,0,0,0,0,0,0,0,0,0,0
51137,0,0,0,0,0,0,0,0,0,0,0,0,0,0,0,0,0,0,0,0
51139,0,0,0,0,0,0,0,0,0,0,0,0,0,0,0,0,0,0,0,0
51141,0,0,0,0,0,0,0,0,0,0,0,0,0,0,0,0,0,0,0,0
51143,0,0,0,0,0,0,0,0,0,0,0,0,0,0,0,0,0,0,0,0
51145,0,0,0,0,0,0,0,0,0,0,0,0,0,0,0,0,0,0,0,0
51147,0,0,0,0,0,0,0,0,0,0,0,0,0,0,0,0,0,0,0,0
51149,0,0,0,0,0,0,0,0,0,0,0,0,0,0,0,0,0,0,0,0
51153,0,0,0,0,0,0,0,0,0,0,0,0,0,0,0,0,0,0,0,0
51155,0,0,0,0,0,0,0,0,0,0,0,0,0,0,0,0,0,0,0,0
51157,0,0,0,0,0,0,0,0,0,0,0,0,0,0,0,0,0,0,0,0
51159,0,0,0,0,0,0,0,0,0,0,0,0,0,0,0,0,0,0,0,0
51161,0,0,0,0,0,0,0,0,0,0,0,0,0,0,0,0,0,0,0,0
51163,0,0,0,0,0,0,0,0,0,0,0,0,0,0,0,0,0,0,0,0
51165,0,0,0,0,0,0,0,0,0,0,0,0,0,0,0,0,0,0,0,0
51167,0,0,0,0,0,0,0,0,0,0,0,0,0,0,0,0,0,0,0,0
51169,0,0,0,0,0,0,0,0,0,0,0,0,0,0,0,0,0,0,0,0
51171,0,0,0,0,0,0,0,0,0,0,0,0,0,0,0,0,0,0,0,0
51173,0,0,0,0,0,0,0,0,0,0,0,0,0,0,0,0,0,0,0,0
51175,0,0,0,0,0,0,0,0,0,0,0,0,0,0,0,0,0,0,0,0
51177,0,0,0,0,0,0,0,0,0,0,0,0,0,0,0,0,0,0,0,0
51179,0,0,0,0,0,0,0,0,0,0,0,0,0,0,0,0,0,0,0,0
51181,0,0,0,0,0,0,0,0,0,0,0,0,0,0,0,0,0,0,0,0
51183,0,0,0,0,0,0,0,0,0,0,0,0,0,0,0,0,0,0,0,0
51185,0,0,0,0,0,0,0,0,0,0,0,0,0,0,0,0,0,0,0,0
51187,0,0,0,0,0,0,0,0,0,0,0,0,0,0,0,0,0,0,0,0
51191,0,0,0,0,0,0,0,0,0,0,0,0,0,0,0,0,0,0,0,0
51193,0,0,0,0,0,0,0,0,0,0,0,0,0,0,0,0,0,0,0,0
51195,0,0,0,0,0,0,0,0,0,0,0,0,0,0,0,0,0,0,0,0
51197,0,0,0,0,0,0,0,0,0,0,0,0,0,0,0,0,0,0,0,0
51199,0,0,0,0,0,0,0,0,0,0,0,0,0,0,0,0,0,0,0,0
51510,0,0,0,0,0,0,0,0,0,0,0,0,0,0,0,0,0,0,0,0
51520,0,0,0,0,0,0,0,0,0,0,0,0,0,0,0,0,0,0,0,0
51530,0,0,0,0,0,0,0,0,0,0,0,0,0,0,0,0,0,0,0,0
51540,0,0,0,0,0,0,0,0,0,0,0,0,0,0,0,0,0,0,0,0
51550,0,0,0,0,0,0,0,0,0,0,0,0,0,0,0,0,0,0,0,0
51570,0,0,0,0,0,0,0,0,0,0,0,0,0,0,0,0,0,0,0,0
51580,0,0,0,0,0,0,0,0,0,0,0,0,0,0,0,0,0,0,0,0
51590,0,0,0,0,0,0,0,0,0,0,0,0,0,0,0,0,0,0,0,0
51595,0,0,0,0,0,0,0,0,0,0,0,0,0,0,0,0,0,0,0,0
51600,0,0,0,0,0,0,0,0,0,0,0,0,0,0,0,0,0,0,0,0
51610,0,0,0,0,0,0,0,0,0,0,0,0,0,0,0,0,0,0,0,0
51620,0,0,0,0,0,0,0,0,0,0,0,0,0,0,0,0,0,0,0,0
51630,0,0,0,0,0,0,0,0,0,0,0,0,0,0,0,0,0,0,0,0
51640,0,0,0,0,0,0,0,0,0,0,0,0,0,0,0,0,0,0,0,0
51650,0,0,0,0,0,0,0,0,0,0,0,0,0,0,0,0,0,0,0,0
51660,0,0,0,0,0,0,0,0,0,0,0,0,0,0,0,0,0,0,0,0
51670,0,0,0,0,0,0,0,0,0,0,0,0,0,0,0,0,0,0,0,0
51678,0,0,0,0,0,0,0,0,0,0,0,0,0,0,0,0,0,0,0,0
51680,0,0,0,0,0,0,0,0,0,0,0,0,0,0,0,0,0,0,0,0
51683,0,0,0,0,0,0,0,0,0,0,0,0,0,0,0,0,0,0,0,0
51685,0,0,0,0,0,0,0,0,0,0,0,0,0,0,0,0,0,0,0,0
51690,0,0,0,0,0,0,0,0,0,0,0,0,0,0,0,0,0,0,0,0
51700,0,0,0,0,0,0,0,0,0,0,0,0,0,0,0,0,0,0,0,0
51710,0,0,0,0,0,0,0,0,0,0,0,0,0,0,0,0,0,0,0,0
51720,0,0,0,0,0,0,0,0,0,0,0,0,0,0,0,0,0,0,0,0
51730,0,0,0,0,0,0,0,0,0,0,0,0,0,0,0,0,0,0,0,0
51735,0,0,0,0,0,0,0,0,0,0,0,0,0,0,0,0,0,0,0,0
51740,0,0,0,0,0,0,0,0,0,0,0,0,0,0,0,0,0,0,0,0
51750,0,0,0,0,0,0,0,0,0,0,0,0,0,0,0,0,0,0,0,0
51760,0,0,0,0,0,0,0,0,0,0,0,0,0,0,0,0,0,0,0,0
51770,0,0,0,0,0,0,0,0,0,0,0,0,0,0,0,0,0,0,0,0
51775,0,0,0,0,0,0,0,0,0,0,0,0,0,0,0,0,0,0,0,0
51790,0,0,0,0,0,0,0,0,0,0,0,0,0,0,0,0,0,0,0,0
51800,1.63772414436573e-10,1.79652504370603e-06,8.73952175434071e-07,0,0,0,0,0,0,0,0,0,0,0,0,0,0,0,0,0
51810,0,0,0,0,0,0,0,0,0,0,0,0,0,0,0,0,0,0,0,0
51820,0,0,0,0,0,0,0,0,0,0,0,0,0,0,0,0,0,0,0,0
51830,0,0,0,0,0,0,0,0,0,0,0,0,0,0,0,0,0,0,0,0
51840,0,0,0,0,0,0,0,0,0,0,0,0,0,0,0,0,0,0,0,0
53001,0.000140410280296472,0.00165749511473434,0,0,1.55916460141208e-05,0.000402764483957892,0.00450271678375958,0.00902911329865283,0,0.00504735105660315,0.00224734834735057,0.000340614608033806,0,0,0,1.19273518931904e-07,3.09827003098269e-06,4.4866060236496e-05,0,0.0490600675145068
53003,0,0,0,0,0,0,0,0,0,0,0,0,0,0,0,0,0,0,0,0
53005,2.33349818703061e-10,0.000369199290112465,0,0,0,1.14519857889036e-08,0.000901644552980444,7.15468972216127e-05,0,2.74535945585624e-07,0.000289427704831376,0,0,0,0,0,0,0,0,0.0010844168898728
53007,4.78864297439136e-08,5.69167349838705e-07,0,0,2.98288630706785e-07,1.35983843708739e-06,0.000994576563572842,2.52657115132956e-05,0,3.25734158955244e-08,1.22029717347165e-06,9.36865134598817e-06,0,0,0,0,0,2.48115366073532e-08,0,0.000168493010701193
53009,0,0,0,0,0,0,0,0,0,0,0,0,0,0,0,0,0,0,0,0
53011,0,0,0,0,0,0,0,0,0,0,0,0,0,0,0,0,0,0,0,0
53013,6.63695845964101e-07,0,0,0,0,6.25859791209425e-10,2.30488717731638e-07,5.59830020979747e-07,0,0,1.59813110705526e-05,9.72958255862254e-10,0,0,0,0,0,0,0,7.72348183392985e-06
53015,0,0,0,0,0,0,0,0,0,0,0,0,0,0,0,0,0,0,0,0
53017,3.55515880209055e-05,7.94572106830273e-06,0,0,4.41496705225062e-08,1.59638655072276e-05,0.000523108873405541,5.7954293276014e-05,0,1.31855090539158e-06,2.05055452091502e-05,3.0655471010452e-08,0,0,0,0,2.39650616744856e-15,1.11833441087517e-06,0,0.00392680044351266
53019,2.82674889152485e-05,1.29742886451661e-06,0,0,0,2.46301957812685e-05,1.25280163690174e-06,0.000484512459502839,0,0,1.16375132020066e-06,8.55729283335725e-08,0,0,0,0,0,0,0,0.000150787308784395
53021,7.94919814236409e-05,0.00406245329141549,0,0,5.46320349566969e-05,0.000488140868457937,0.0171308384675442,0.0210525489291913,0,0.00669774799362119,0.00329384314391303,4.8862637631875e-05,0,0,0,1.52098326007205e-07,2.52925872541051e-06,0,0,0.0237138458777409
53023,0,0,0,0,0,0,0,0,0,0,0,0,0,0,0,0,0,0,0,0
53025,0.000386788431046716,0.0207965084399102,0,0,2.30542376139859e-05,0.000435682190087212,0.0513164415851092,0.0658728321950424,0,0.0247365106069191,0.0253802922235093,0.0011406957873763,0,0,5.63759556959419e-05,0.000112795363707947,0.000106775182594945,0.000221424788506694,0,0.0959818256583496
53027,0,0,0,0,0,0,0,0,0,0,0,0,0,0,0,0,0,0,0,0
53029,0,0,0,0,0,0,0,0,0,0,0,0,0,0,0,0,0,0,0,0
53031,0,0,0,0,0,0,0,0,0,0,0,0,0,0,0,0,0,0,0,0
53033,0,0,0,0,0,0,0,0,0,0,0,0,0,0,0,0,0,0,0,0
53035,0,0,0,0,0,0,0,0,0,0,0,0,0,0,0,0,0,0,0,0
53037,2.12880761726486e-06,9.39627737763414e-05,0,0,0.000578794251319414,4.63915074199135e-05,0.000476092428666578,0.00614596621005079,0,2.15254846402981e-05,1.17097116898869e-05,0,0,0,0,0,0,8.16190656450908e-05,0,7.10986488887587e-05
53039,0.000244297872672907,0,0,0,1.0235496405549e-05,1.84468217885885e-05,0.00114717682624444,0.00310039502499796,0,7.24124104813905e-05,6.20936958541823e-05,0,0,0,0,0,0,0,0,0.00441285156603838
53041,0,0,0,0,0,0,0,0,0,0,0,0,0,0,0,0,0,0,0,0
53043,0.0005033339583876,1.21784536567106e-05,0,0,9.42712078584308e-06,3.54086641611918e-05,3.35099639551187e-05,0.00103267905663178,0,6.60465495220314e-05,0.000145986336270237,0.000112982857297548,0,0,0,0,5.81407361986512e-09,2.30561730868807e-07,0,0.0126311045306446
53045,0,0,0,0,0,0,0,0,0,0,0,0,0,0,0,0,0,0,0,0
53047,5.33396723856573e-06,0.000503706093242006,0,0,5.54688200827031e-06,0,0.0169767031216481,0.00466563344449901,0,9.2345827318882e-05,0.000115826001003374,0.000437577552295719,0,0,0,0,0,1.24761733885895e-05,0,0.00569803064419311
53049,0,0,0,0,0,0,0,0,0,0,0,0,0,0,0,0,0,0,0,0
53051,0,0,0,0,0,0,0,0,0,0,0,0,0,0,0,0,0,0,0,0
53053,0,0,0,0,0,0,0,0,0,0,0,0,0,0,0,0,0,0,0,0
53055,0,0,0,0,0,0,0,0,0,0,0,0,0,0,0,0,0,0,0,0
53057,0,0,0,0,0,0,0,0,0,0,0,0,0,0,0,0,0,0,0,0
53059,0,0,0,0,0,0,0,0,0,0,0,0,0,0,0,0,0,0,0,0
53061,0,0,0,0,0,0,0,0,0,0,0,0,0,0,0,0,0,0,0,0
53063,9.13000045482815e-05,1.00167229601665e-06,0,0,2.72149448370361e-06,3.10576324794405e-06,8.23883586803679e-05,0.0002404782958554,0,2.10862396498769e-06,0.000226330038955298,4.16581633938829e-05,0,0,0,0,0,2.61033964280169e-06,0,0.00146025091893196
53065,4.59897121556564e-06,0,0,0,3.07058076954292e-06,5.78761042964695e-07,5.98245511708681e-08,2.78298262281856e-05,0,0,3.09106400873642e-07,1.40300965588195e-08,0,0,0,0,0,1.61789822489496e-05,0,2.98921813264452e-05
53067,0,0,0,0,0,0,0,0,0,0,0,0,0,0,0,0,0,0,0,0
53069,0,0,0,0,0,0,0,0,0,0,0,0,0,0,0,0,0,0,0,0
53071,9.33998728423623e-06,2.48896752004648e-08,0,0,0,9.70947306009453e-08,0.000111529270826267,8.37311047663742e-05,0,0,0.000223093190712295,6.54598252609437e-08,0,0,0,0,0,0,0,0.000866947665181849
53073,0,0,0,0,0,0,0,0,0,0,0,0,0,0,0,0,0,0,0,0
53075,1.69393942975612e-05,0,0,0,1.6635705117508e-07,6.86838744605435e-08,1.67327373381376e-06,9.90031615842529e-06,0,0,6.72007915661649e-05,8.75090411844235e-07,0,0,0,0,0,0,0,0.00023828355348999
53077,0,1.12313616088827e-07,0,0,0,7.7571276502706e-09,0,0,0,0,0,0,0,0,0,0,0,0,0,0
54001,0,0,0,0,0,0,0,0,0,0,0,0,0,0,0,0,0,0,0,0
54003,0,0,0,0,0,0,0,0,0,0,0,0,0,0,0,0,0,0,0,0
54005,0,0,0,0,0,0,0,0,0,0,0,0,0,0,0,0,0,0,0,0
54007,0,0,0,0,0,0,0,0,0,0,0,0,0,0,0,0,0,0,0,0
54009,0,0,0,0,0,0,0,0,0,0,0,0,0,0,0,0,0,0,0,0
54011,0,0,0,0,0,0,0,0,0,0,0,0,0,0,0,0,0,0,0,0
54013,0,0,0,0,0,0,0,0,0,0,0,0,0,0,0,0,0,0,0,0
54015,0,0,0,0,0,0,0,0,0,0,0,0,0,0,0,0,0,0,0,0
54017,0,0,0,0,0,0,0,0,0,0,0,0,0,0,0,0,0,0,0,0
54019,0,0,0,0,0,0,0,0,0,0,0,0,0,0,0,0,0,0,0,0
54021,0,0,0,0,0,0,0,0,0,0,0,0,0,0,0,0,0,0,0,0
54023,0,0,0,0,0,0,0,0,0,0,0,0,0,0,0,0,0,0,0,0
54025,0,0,0,0,0,0,0,0,0,0,0,0,0,0,0,0,0,0,0,0
54027,0,0,0,0,0,0,0,0,0,0,0,0,0,0,0,0,0,0,0,0
54029,0,0,0,0,0,0,0,0,0,0,0,0,0,0,0,0,0,0,0,0
54031,0,0,0,0,0,0,0,0,0,0,0,0,0,0,0,0,0,0,0,0
54033,0,0,0,0,0,0,0,0,0,0,0,0,0,0,0,0,0,0,0,0
54035,0,0,0,0,0,0,0,0,0,0,0,0,0,0,0,0,0,0,0,0
54037,0,0,0,0,0,0,0,0,0,0,0,0,0,0,0,0,0,0,0,0
54039,0,0,0,0,0,0,0,0,0,0,0,0,0,0,0,0,0,0,0,0
54041,0,0,0,0,0,0,0,0,0,0,0,0,0,0,0,0,0,0,0,0
54043,0,0,0,0,0,0,0,0,0,0,0,0,0,0,0,0,0,0,0,0
54045,0,0,0,0,0,0,0,0,0,0,0,0,0,0,0,0,0,0,0,0
54047,0,0,0,0,0,0,0,0,0,0,0,0,0,0,0,0,0,0,0,0
54049,0,0,0,0,0,0,0,0,0,0,0,0,0,0,0,0,0,0,0,0
54051,0,0,0,0,0,0,0,0,0,0,0,0,0,0,0,0,0,0,0,0
54053,0,0,0,0,0,0,0,0,0,0,0,0,0,0,0,0,0,0,0,0
54055,0,0,0,0,0,0,0,0,0,0,0,0,0,0,0,0,0,0,0,0
54057,0,0,0,0,0,0,0,0,0,0,0,0,0,0,0,0,0,0,0,0
54059,0,0,0,0,0,0,0,0,0,0,0,0,0,0,0,0,0,0,0,0
54061,0,0,0,0,0,0,0,0,0,0,0,0,0,0,0,0,0,0,0,0
54063,0,0,0,0,0,0,0,0,0,0,0,0,0,0,0,0,0,0,0,0
54065,0,0,0,0,0,0,0,0,0,0,0,0,0,0,0,0,0,0,0,0
54067,0,0,0,0,0,0,0,0,0,0,0,0,0,0,0,0,0,0,0,0
54069,0,0,0,0,0,0,0,0,0,0,0,0,0,0,0,0,0,0,0,0
54071,0,0,0,0,0,0,0,0,0,0,0,0,0,0,0,0,0,0,0,0
54073,0,0,0,0,0,0,0,0,0,0,0,0,0,0,0,0,0,0,0,0
54075,0,0,0,0,0,0,0,0,0,0,0,0,0,0,0,0,0,0,0,0
54077,0,0,0,0,0,0,0,0,0,0,0,0,0,0,0,0,0,0,0,0
54079,0,0,0,0,0,0,0,0,0,0,0,0,0,0,0,0,0,0,0,0
54081,0,0,0,0,0,0,0,0,0,0,0,0,0,0,0,0,0,0,0,0
54083,0,0,0,0,0,0,0,0,0,0,0,0,0,0,0,0,0,0,0,0
54085,0,0,0,0,0,0,0,0,0,0,0,0,0,0,0,0,0,0,0,0
54087,0,0,0,0,0,0,0,0,0,0,0,0,0,0,0,0,0,0,0,0
54089,0,0,0,0,0,0,0,0,0,0,0,0,0,0,0,0,0,0,0,0
54091,0,0,0,0,0,0,0,0,0,0,0,0,0,0,0,0,0,0,0,0
54093,0,0,0,0,0,0,0,0,0,0,0,0,0,0,0,0,0,0,0,0
54095,0,0,0,0,0,0,0,0,0,0,0,0,0,0,0,0,0,0,0,0
54097,0,0,0,0,0,0,0,0,0,0,0,0,0,0,0,0,0,0,0,0
54099,0,0,0,0,0,0,0,0,0,0,0,0,0,0,0,0,0,0,0,0
54101,0,0,0,0,0,0,0,0,0,0,0,0,0,0,0,0,0,0,0,0
54103,0,0,0,0,0,0,0,0,0,0,0,0,0,0,0,0,0,0,0,0
54105,0,0,0,0,0,0,0,0,0,0,0,0,0,0,0,0,0,0,0,0
54107,0,0,0,0,0,0,0,0,0,0,0,0,0,0,0,0,0,0,0,0
54109,0,0,0,0,0,0,0,0,0,0,0,0,0,0,0,0,0,0,0,0
55001,0,0,0,0,0,0,0,0,0,0,0,0,0,0,0,0,0,0,0,0
55003,0,0,0,0,0,0,0,0,0,0,0,0,0,0,0,0,0,0,0,0
55005,0,0,0,0,0,0,0,0,0,0,0,0,0,0,0,0,0,0,0,0
55007,0,0,0,0,0,0,0,0,0,0,0,0,0,0,0,0,0,0,0,0
55009,0,0,0,0,0,0,0,0,0,0,0,0,0,0,0,0,0,0,0,0
55011,0,0,0,0,0,0,0,0,0,0,0,0,0,0,0,0,0,0,0,0
55013,0,0,0,0,0,0,0,0,0,0,0,0,0,0,0,0,0,0,0,0
55015,0,0,0,0,0,0,0,0,0,0,0,0,0,0,0,0,0,0,0,0
55017,0,0,0,0,0,0,0,0,0,0,0,0,0,0,0,0,0,0,0,0
55019,0,0,0,0,0,0,0,0,0,0,0,0,0,0,0,0,0,0,0,0
55021,0,0,0,0,0,0,0,0,0,0,0,0,0,0,0,0,0,0,0,0
55023,0,0,0,0,0,0,0,0,0,0,0,0,0,0,0,0,0,0,0,0
55025,0,0,0,0,0,0,0,0,0,0,0,0,0,0,0,0,0,0,0,0
55027,0,0,0,0,0,0,0,0,0,0,0,0,0,0,0,0,0,0,0,0
55029,0,0,0,0,0,0,0,0,0,0,0,0,0,0,0,0,0,0,0,0
55031,0,0,0,0,0,0,0,0,0,0,0,0,0,0,0,0,0,0,0,0
55033,0,0,0,0,0,0,0,0,0,0,0,0,0,0,0,0,0,0,0,0
55035,0,0,0,0,0,0,0,0,0,0,0,0,0,0,0,0,0,0,0,0
55037,0,0,0,0,0,0,0,0,0,0,0,0,0,0,0,0,0,0,0,0
55039,0,0,0,0,0,0,0,0,0,0,0,0,0,0,0,0,0,0,0,0
55041,0,0,0,0,0,0,0,0,0,0,0,0,0,0,0,0,0,0,0,0
55043,0,0,0,0,0,0,0,0,0,0,0,0,0,0,0,0,0,0,0,0
55045,0,0,0,0,0,0,0,0,0,0,0,0,0,0,0,0,0,0,0,0
55047,0,0,0,0,0,0,0,0,0,0,0,0,0,0,0,0,0,0,0,0
55049,0,0,0,0,0,0,0,0,0,0,0,0,0,0,0,0,0,0,0,0
55051,0,0,0,0,0,0,0,0,0,0,0,0,0,0,0,0,0,0,0,0
55053,0,0,0,0,0,0,0,0,0,0,0,0,0,0,0,0,0,0,0,0
55055,0,0,0,0,0,0,0,0,0,0,0,0,0,0,0,0,0,0,0,0
55057,0,0,0,0,0,0,0,0,0,0,0,0,0,0,0,0,0,0,0,0
55059,0,0,0,0,0,0,0,0,0,0,0,0,0,0,0,0,0,0,0,0
55061,0,0,0,0,0,0,0,0,0,0,0,0,0,0,0,0,0,0,0,0
55063,0,0,0,0,0,0,0,0,0,0,0,0,0,0,0,0,0,0,0,0
55065,0,0,0,0,0,0,0,0,0,0,0,0,0,0,0,0,0,0,0,0
55067,0,0,0,0,0,0,0,0,0,0,0,0,0,0,0,0,0,0,0,0
55069,0,0,0,0,0,0,0,0,0,0,0,0,0,0,0,0,0,0,0,0
55071,0,0,0,0,0,0,0,0,0,0,0,0,0,0,0,0,0,0,0,0
55073,0,0,0,0,0,0,0,0,0,0,0,0,0,0,0,0,0,0,0,0
55075,0,0,0,0,0,0,0,0,0,0,0,0,0,0,0,0,0,0,0,0
55077,0,0,0,0,0,0,0,0,0,0,0,0,0,0,0,0,0,0,0,0
55078,0,0,0,0,0,0,0,0,0,0,0,0,0,0,0,0,0,0,0,0
55079,0,0,0,0,0,0,0,0,0,0,0,0,0,0,0,0,0,0,0,0
55081,0,0,0,0,0,0,0,0,0,0,0,0,0,0,0,0,0,0,0,0
55083,0,0,0,0,0,0,0,0,0,0,0,0,0,0,0,0,0,0,0,0
55085,0,0,0,0,0,0,0,0,0,0,0,0,0,0,0,0,0,0,0,0
55087,0,0,0,0,0,0,0,0,0,0,0,0,0,0,0,0,0,0,0,0
55089,0,0,0,0,0,0,0,0,0,0,0,0,0,0,0,0,0,0,0,0
55091,0,0,0,0,0,0,0,0,0,0,0,0,0,0,0,0,0,0,0,0
55093,0,0,0,0,0,0,0,0,0,0,0,0,0,0,0,0,0,0,0,0
55095,0,0,0,0,0,0,0,0,0,0,0,0,0,0,0,0,0,0,0,0
55097,0,0,0,0,0,0,0,0,0,0,0,0,0,0,0,0,0,0,0,0
55099,0,0,0,0,0,0,0,0,0,0,0,0,0,0,0,0,0,0,0,0
55101,0,0,0,0,0,0,0,0,0,0,0,0,0,0,0,0,0,0,0,0
55103,0,0,0,0,0,0,0,0,0,0,0,0,0,0,0,0,0,0,0,0
55105,0,0,0,0,0,0,0,0,0,0,0,0,0,0,0,0,0,0,0,0
55107,0,0,0,0,0,0,0,0,0,0,0,0,0,0,0,0,0,0,0,0
55109,0,0,0,0,0,0,0,0,0,0,0,0,0,0,0,0,0,0,0,0
55111,0,0,0,0,0,0,0,0,0,0,0,0,0,0,0,0,0,0,0,0
55113,0,0,0,0,0,0,0,0,0,0,0,0,0,0,0,0,0,0,0,0
55115,0,0,0,0,0,0,0,0,0,0,0,0,0,0,0,0,0,0,0,0
55117,0,0,0,0,0,0,0,0,0,0,0,0,0,0,0,0,0,0,0,0
55119,0,0,0,0,0,0,0,0,0,0,0,0,0,0,0,0,0,0,0,0
55121,0,0,0,0,0,0,0,0,0,0,0,0,0,0,0,0,0,0,0,0
55123,0,0,0,0,0,0,0,0,0,0,0,0,0,0,0,0,0,0,0,0
55125,0,0,0,0,0,0,0,0,0,0,0,0,0,0,0,0,0,0,0,0
55127,0,0,0,0,0,0,0,0,0,0,0,0,0,0,0,0,0,0,0,0
55129,0,0,0,0,0,0,0,0,0,0,0,0,0,0,0,0,0,0,0,0
55131,0,0,0,0,0,0,0,0,0,0,0,0,0,0,0,0,0,0,0,0
55133,0,0,0,0,0,0,0,0,0,0,0,0,0,0,0,0,0,0,0,0
55135,0,0,0,0,0,0,0,0,0,0,0,0,0,0,0,0,0,0,0,0
55137,0,0,0,0,0,0,0,0,0,0,0,0,0,0,0,0,0,0,0,0
55139,0,0,0,0,0,0,0,0,0,0,0,0,0,0,0,0,0,0,0,0
55141,0,0,0,0,0,0,0,0,0,0,0,0,0,0,0,0,0,0,0,0
56001,0,0,0,0,0,0,0,0,0,0,0,0,0,0,0,0,0,0,0,0
56003,0,0,0,0,0,0,0,0,0,0,0,0,0,0,0,0,0,0,0,0
56005,0,0,0,0,0,0,0,0,0,0,0,0,0,0,0,0,0,0,0,0
56007,0,0,0,0,0,0,0,0,0,0,0,0,0,0,0,0,0,0,0,0
56009,0,0,0,0,0,0,0,0,0,0,0,0,0,0,0,0,0,0,0,0
56011,0,0,0,0,0,0,0,0,0,0,0,0,0,0,0,0,0,0,0,0
56013,0,0,0,0,0,0,0,0,0,0,0,0,0,0,0,0,0,0,0,0
56015,0,0,0,0,0,0,0,0,0,0,0,0,0,0,0,0,0,0,0,0
56017,0,0,0,0,0,0,0,0,0,0,0,0,0,0,0,0,0,0,0,0
56019,0,0,0,0,0,0,0,0,0,0,0,0,0,0,0,0,0,0,0,0
56021,0,0,0,0,0,0,0,0,0,0,0,0,0,0,0,0,0,0,0,0
56023,0,0,0,0,0,0,0,0,0,0,0,0,0,0,0,0,0,0,0,0
56025,0,0,0,0,0,0,0,0,0,0,0,0,0,0,0,0,0,0,0,0
56027,0,0,0,0,0,0,0,0,0,0,0,0,0,0,0,0,0,0,0,0
56029,0,0,0,0,0,0,0,0,0,0,0,0,0,0,0,0,0,0,0,0
56031,0,0,0,0,0,0,0,0,0,0,0,0,0,0,0,0,0,0,0,0
56033,0,0,0,0,0,0,0,0,0,0,0,0,0,0,0,0,0,0,0,0
56035,0,0,0,0,0,0,0,0,0,0,0,0,0,0,0,0,0,0,0,0
56037,0,0,0,0,0,0,0,0,0,0,0,0,0,0,0,0,0,0,0,0
56039,0,0,0,0,0,0,0,0,0,0,0,0,0,0,0,0,0,0,0,0
56041,0,0,0,0,0,0,0,0,0,0,0,0,0,0,0,0,0,0,0,0
56043,0,0,0,0,0,0,0,0,0,0,0,0,0,0,0,0,0,0,0,0
56045,0,0,0,0,0,0,0,0,0,0,0,0,0,0,0,0,0,0,0,0
